INN_CT BAT_HOME_ID OUTS_CT RUNNERS HOME_AWAY HOME_LOSES GAMES HOME_WINS year
1 0 0 0 -7 0 1 1 1945
1 0 0 0 -3 0 1 1 1945
1 0 0 0 -2 0 1 1 1945
1 0 0 0 -1 1 3 2 1945
1 0 0 0 0 240 544 304 1945
1 0 0 1 -5 0 1 1 1945
1 0 0 1 -3 1 1 0 1945
1 0 0 1 -2 0 1 1 1945
1 0 0 1 -1 1 5 4 1945
1 0 0 1 0 72 163 91 1945
1 0 0 10 -2 1 3 2 1945
1 0 0 10 -1 1 6 5 1945
1 0 0 10 0 14 38 24 1945
1 0 0 11 -3 0 1 1 1945
1 0 0 11 -2 0 2 2 1945
1 0 0 11 -1 3 6 3 1945
1 0 0 11 0 14 34 20 1945
1 0 0 100 -4 0 1 1 1945
1 0 0 100 -2 0 1 1 1945
1 0 0 100 -1 0 2 2 1945
1 0 0 100 0 3 10 7 1945
1 0 0 101 -5 0 1 1 1945
1 0 0 101 -3 0 1 1 1945
1 0 0 101 -2 0 4 4 1945
1 0 0 101 -1 1 5 4 1945
1 0 0 101 0 5 18 13 1945
1 0 0 110 -1 0 4 4 1945
1 0 0 110 0 0 2 2 1945
1 0 0 111 -3 0 2 2 1945
1 0 0 111 -2 0 1 1 1945
1 0 0 111 -1 0 1 1 1945
1 0 0 111 0 0 2 2 1945
1 0 1 0 -7 0 1 1 1945
1 0 1 0 -3 0 4 4 1945
1 0 1 0 -2 1 1 0 1945
1 0 1 0 -1 1 5 4 1945
1 0 1 0 0 156 344 188 1945
1 0 1 1 -3 1 3 2 1945
1 0 1 1 -2 4 5 1 1945
1 0 1 1 -1 9 25 16 1945
1 0 1 1 0 69 150 81 1945
1 0 1 10 -3 0 1 1 1945
1 0 1 10 -2 2 6 4 1945
1 0 1 10 -1 3 8 5 1945
1 0 1 10 0 24 70 46 1945
1 0 1 11 -4 0 2 2 1945
1 0 1 11 -3 0 4 4 1945
1 0 1 11 -2 5 10 5 1945
1 0 1 11 -1 7 13 6 1945
1 0 1 11 0 23 49 26 1945
1 0 1 100 -2 0 6 6 1945
1 0 1 100 -1 0 5 5 1945
1 0 1 100 0 9 25 16 1945
1 0 1 101 -5 0 2 2 1945
1 0 1 101 -4 0 2 2 1945
1 0 1 101 -3 1 2 1 1945
1 0 1 101 -2 0 3 3 1945
1 0 1 101 -1 4 10 6 1945
1 0 1 101 0 11 20 9 1945
1 0 1 110 -3 0 1 1 1945
1 0 1 110 -1 0 6 6 1945
1 0 1 110 0 5 19 14 1945
1 0 1 111 -5 0 1 1 1945
1 0 1 111 -4 0 1 1 1945
1 0 1 111 -2 0 1 1 1945
1 0 1 111 -1 1 8 7 1945
1 0 1 111 0 5 13 8 1945
1 0 2 0 -7 0 1 1 1945
1 0 2 0 -6 0 1 1 1945
1 0 2 0 -5 0 2 2 1945
1 0 2 0 -4 1 1 0 1945
1 0 2 0 -3 0 6 6 1945
1 0 2 0 -2 1 3 2 1945
1 0 2 0 -1 6 16 10 1945
1 0 2 0 0 123 254 131 1945
1 0 2 1 -7 0 1 1 1945
1 0 2 1 -5 0 2 2 1945
1 0 2 1 -4 2 3 1 1945
1 0 2 1 -3 0 8 8 1945
1 0 2 1 -2 4 9 5 1945
1 0 2 1 -1 8 34 26 1945
1 0 2 1 0 61 124 63 1945
1 0 2 10 -4 0 3 3 1945
1 0 2 10 -3 0 3 3 1945
1 0 2 10 -2 2 11 9 1945
1 0 2 10 -1 5 9 4 1945
1 0 2 10 0 28 66 38 1945
1 0 2 11 -7 0 1 1 1945
1 0 2 11 -5 0 1 1 1945
1 0 2 11 -4 2 3 1 1945
1 0 2 11 -2 6 13 7 1945
1 0 2 11 -1 8 21 13 1945
1 0 2 11 0 26 50 24 1945
1 0 2 100 -5 0 1 1 1945
1 0 2 100 -4 0 1 1 1945
1 0 2 100 -3 1 3 2 1945
1 0 2 100 -2 2 8 6 1945
1 0 2 100 -1 0 7 7 1945
1 0 2 100 0 8 28 20 1945
1 0 2 101 -3 1 3 2 1945
1 0 2 101 -2 1 2 1 1945
1 0 2 101 -1 3 8 5 1945
1 0 2 101 0 9 23 14 1945
1 0 2 110 -2 0 2 2 1945
1 0 2 110 -1 3 7 4 1945
1 0 2 110 0 5 12 7 1945
1 0 2 111 -5 0 1 1 1945
1 0 2 111 -3 1 1 0 1945
1 0 2 111 -2 2 4 2 1945
1 0 2 111 -1 6 15 9 1945
1 0 2 111 0 11 18 7 1945
1 1 0 0 -7 0 1 1 1945
1 1 0 0 -6 0 1 1 1945
1 1 0 0 -5 0 7 7 1945
1 1 0 0 -4 4 7 3 1945
1 1 0 0 -3 1 19 18 1945
1 1 0 0 -2 10 31 21 1945
1 1 0 0 -1 36 91 55 1945
1 1 0 0 0 189 385 196 1945
1 1 0 0 1 0 1 1 1945
1 1 0 0 2 1 1 0 1945
1 1 0 0 3 0 1 1 1945
1 1 0 1 -6 0 1 1 1945
1 1 0 1 -5 0 1 1 1945
1 1 0 1 -4 2 2 0 1945
1 1 0 1 -3 0 6 6 1945
1 1 0 1 -2 5 10 5 1945
1 1 0 1 -1 14 29 15 1945
1 1 0 1 0 70 136 66 1945
1 1 0 1 1 0 1 1 1945
1 1 0 10 -4 1 1 0 1945
1 1 0 10 -2 1 2 1 1945
1 1 0 10 -1 4 9 5 1945
1 1 0 10 0 12 19 7 1945
1 1 0 10 1 1 2 1 1945
1 1 0 10 2 2 2 0 1945
1 1 0 11 -6 0 1 1 1945
1 1 0 11 -4 2 2 0 1945
1 1 0 11 -2 2 4 2 1945
1 1 0 11 -1 6 8 2 1945
1 1 0 11 0 23 26 3 1945
1 1 0 11 2 1 2 1 1945
1 1 0 100 -1 1 1 0 1945
1 1 0 100 0 3 6 3 1945
1 1 0 100 1 1 3 2 1945
1 1 0 101 -1 0 1 1 1945
1 1 0 101 0 7 12 5 1945
1 1 0 101 1 5 6 1 1945
1 1 0 101 2 2 2 0 1945
1 1 0 110 -1 0 2 2 1945
1 1 0 110 0 2 2 0 1945
1 1 0 110 1 1 1 0 1945
1 1 0 110 2 1 1 0 1945
1 1 0 111 -4 2 2 0 1945
1 1 0 111 -1 2 3 1 1945
1 1 0 111 0 4 5 1 1945
1 1 0 111 1 1 1 0 1945
1 1 1 0 -7 0 1 1 1945
1 1 1 0 -5 0 6 6 1945
1 1 1 0 -4 1 4 3 1945
1 1 1 0 -3 1 13 12 1945
1 1 1 0 -2 4 19 15 1945
1 1 1 0 -1 19 55 36 1945
1 1 1 0 0 114 241 127 1945
1 1 1 0 1 3 6 3 1945
1 1 1 0 2 2 5 3 1945
1 1 1 0 3 0 1 1 1945
1 1 1 0 4 1 1 0 1945
1 1 1 1 -5 0 2 2 1945
1 1 1 1 -4 1 3 2 1945
1 1 1 1 -3 0 7 7 1945
1 1 1 1 -2 5 14 9 1945
1 1 1 1 -1 12 28 16 1945
1 1 1 1 0 61 121 60 1945
1 1 1 1 1 8 15 7 1945
1 1 1 1 2 5 7 2 1945
1 1 1 1 4 2 2 0 1945
1 1 1 1 6 1 1 0 1945
1 1 1 10 -5 0 1 1 1945
1 1 1 10 -3 0 2 2 1945
1 1 1 10 -2 1 1 0 1945
1 1 1 10 -1 3 8 5 1945
1 1 1 10 0 23 49 26 1945
1 1 1 10 1 6 11 5 1945
1 1 1 10 2 2 2 0 1945
1 1 1 10 3 3 3 0 1945
1 1 1 10 4 0 1 1 1945
1 1 1 10 7 1 1 0 1945
1 1 1 11 -6 0 1 1 1945
1 1 1 11 -5 0 2 2 1945
1 1 1 11 -3 0 4 4 1945
1 1 1 11 -2 1 7 6 1945
1 1 1 11 -1 6 12 6 1945
1 1 1 11 0 24 42 18 1945
1 1 1 11 1 12 19 7 1945
1 1 1 11 2 2 5 3 1945
1 1 1 11 3 0 1 1 1945
1 1 1 11 4 0 1 1 1945
1 1 1 100 -4 1 1 0 1945
1 1 1 100 -2 0 1 1 1945
1 1 1 100 -1 2 5 3 1945
1 1 1 100 0 10 16 6 1945
1 1 1 100 1 2 2 0 1945
1 1 1 100 2 3 4 1 1945
1 1 1 100 5 1 1 0 1945
1 1 1 101 -2 2 2 0 1945
1 1 1 101 -1 3 4 1 1945
1 1 1 101 0 15 20 5 1945
1 1 1 101 1 2 2 0 1945
1 1 1 101 2 6 10 4 1945
1 1 1 110 -2 3 4 1 1945
1 1 1 110 -1 1 3 2 1945
1 1 1 110 0 13 14 1 1945
1 1 1 110 1 4 4 0 1945
1 1 1 110 2 2 3 1 1945
1 1 1 110 3 1 1 0 1945
1 1 1 111 -5 0 2 2 1945
1 1 1 111 -4 2 2 0 1945
1 1 1 111 -2 2 3 1 1945
1 1 1 111 -1 3 6 3 1945
1 1 1 111 0 12 14 2 1945
1 1 1 111 1 6 6 0 1945
1 1 1 111 2 2 4 2 1945
1 1 1 111 4 0 1 1 1945
1 1 2 0 -7 0 1 1 1945
1 1 2 0 -5 0 4 4 1945
1 1 2 0 -4 0 2 2 1945
1 1 2 0 -3 1 10 9 1945
1 1 2 0 -2 2 11 9 1945
1 1 2 0 -1 13 42 29 1945
1 1 2 0 0 76 184 108 1945
1 1 2 0 1 5 11 6 1945
1 1 2 0 2 1 5 4 1945
1 1 2 0 3 5 6 1 1945
1 1 2 1 -5 0 1 1 1945
1 1 2 1 -4 1 3 2 1945
1 1 2 1 -3 0 4 4 1945
1 1 2 1 -2 3 11 8 1945
1 1 2 1 -1 6 17 11 1945
1 1 2 1 0 51 105 54 1945
1 1 2 1 1 11 15 4 1945
1 1 2 1 2 6 9 3 1945
1 1 2 1 3 3 4 1 1945
1 1 2 1 4 0 1 1 1945
1 1 2 1 5 1 2 1 1945
1 1 2 10 -4 0 2 2 1945
1 1 2 10 -3 2 6 4 1945
1 1 2 10 -2 1 2 1 1945
1 1 2 10 -1 4 11 7 1945
1 1 2 10 0 19 40 21 1945
1 1 2 10 1 14 21 7 1945
1 1 2 10 2 4 5 1 1945
1 1 2 10 3 4 5 1 1945
1 1 2 10 4 3 4 1 1945
1 1 2 10 5 1 1 0 1945
1 1 2 10 7 1 1 0 1945
1 1 2 11 -6 0 1 1 1945
1 1 2 11 -4 0 1 1 1945
1 1 2 11 -3 0 3 3 1945
1 1 2 11 -2 1 2 1 1945
1 1 2 11 -1 6 13 7 1945
1 1 2 11 0 18 43 25 1945
1 1 2 11 1 16 20 4 1945
1 1 2 11 2 8 9 1 1945
1 1 2 11 3 5 6 1 1945
1 1 2 11 4 2 2 0 1945
1 1 2 11 5 0 2 2 1945
1 1 2 100 -4 1 1 0 1945
1 1 2 100 -1 1 3 2 1945
1 1 2 100 0 11 20 9 1945
1 1 2 100 1 6 8 2 1945
1 1 2 100 2 1 2 1 1945
1 1 2 100 3 2 2 0 1945
1 1 2 101 -3 0 1 1 1945
1 1 2 101 -2 1 2 1 1945
1 1 2 101 -1 2 2 0 1945
1 1 2 101 0 10 17 7 1945
1 1 2 101 1 8 12 4 1945
1 1 2 101 2 7 7 0 1945
1 1 2 101 3 1 1 0 1945
1 1 2 101 7 1 1 0 1945
1 1 2 110 -4 0 1 1 1945
1 1 2 110 -2 1 1 0 1945
1 1 2 110 0 5 9 4 1945
1 1 2 110 1 3 5 2 1945
1 1 2 110 2 2 3 1 1945
1 1 2 110 4 2 2 0 1945
1 1 2 110 5 1 1 0 1945
1 1 2 111 -5 0 1 1 1945
1 1 2 111 -4 0 1 1 1945
1 1 2 111 -2 0 1 1 1945
1 1 2 111 -1 1 5 4 1945
1 1 2 111 0 5 9 4 1945
1 1 2 111 1 6 8 2 1945
1 1 2 111 2 5 5 0 1945
1 1 2 111 3 2 3 1 1945
1 1 2 111 4 1 1 0 1945
1 1 2 111 5 0 1 1 1945
2 0 0 0 -7 0 1 1 1945
2 0 0 0 -5 0 4 4 1945
2 0 0 0 -4 1 6 5 1945
2 0 0 0 -3 1 15 14 1945
2 0 0 0 -2 8 26 18 1945
2 0 0 0 -1 24 75 51 1945
2 0 0 0 0 120 290 170 1945
2 0 0 0 1 45 69 24 1945
2 0 0 0 2 22 35 13 1945
2 0 0 0 3 13 16 3 1945
2 0 0 0 4 7 8 1 1945
2 0 0 0 5 2 4 2 1945
2 0 0 0 7 1 1 0 1945
2 0 0 1 -4 1 1 0 1945
2 0 0 1 -3 0 9 9 1945
2 0 0 1 -2 2 7 5 1945
2 0 0 1 -1 6 28 22 1945
2 0 0 1 0 33 78 45 1945
2 0 0 1 1 11 23 12 1945
2 0 0 1 2 9 12 3 1945
2 0 0 1 3 1 3 2 1945
2 0 0 1 4 3 4 1 1945
2 0 0 10 -1 0 6 6 1945
2 0 0 10 0 3 9 6 1945
2 0 0 10 1 1 2 1 1945
2 0 0 10 2 1 2 1 1945
2 0 0 10 3 1 1 0 1945
2 0 0 10 4 0 1 1 1945
2 0 0 10 7 1 1 0 1945
2 0 0 11 -3 0 1 1 1945
2 0 0 11 -2 1 1 0 1945
2 0 0 11 -1 3 7 4 1945
2 0 0 11 0 9 21 12 1945
2 0 0 11 1 3 7 4 1945
2 0 0 11 2 2 4 2 1945
2 0 0 11 3 0 1 1 1945
2 0 0 100 -2 0 1 1 1945
2 0 0 100 -1 0 2 2 1945
2 0 0 100 0 0 4 4 1945
2 0 0 101 -1 0 2 2 1945
2 0 0 101 0 2 5 3 1945
2 0 0 101 1 0 2 2 1945
2 0 0 110 -1 0 2 2 1945
2 0 0 110 0 1 2 1 1945
2 0 0 110 2 1 1 0 1945
2 0 0 111 -1 0 1 1 1945
2 0 0 111 0 0 2 2 1945
2 0 0 111 1 1 1 0 1945
2 0 0 111 3 0 1 1 1945
2 0 1 0 -7 0 1 1 1945
2 0 1 0 -5 0 4 4 1945
2 0 1 0 -4 0 5 5 1945
2 0 1 0 -3 1 7 6 1945
2 0 1 0 -2 6 21 15 1945
2 0 1 0 -1 19 51 32 1945
2 0 1 0 0 86 203 117 1945
2 0 1 0 1 33 46 13 1945
2 0 1 0 2 13 20 7 1945
2 0 1 0 3 11 12 1 1945
2 0 1 0 4 4 4 0 1945
2 0 1 0 5 2 4 2 1945
2 0 1 1 -5 0 1 1 1945
2 0 1 1 -4 0 3 3 1945
2 0 1 1 -3 1 8 7 1945
2 0 1 1 -2 1 7 6 1945
2 0 1 1 -1 3 25 22 1945
2 0 1 1 0 34 81 47 1945
2 0 1 1 1 12 18 6 1945
2 0 1 1 2 7 10 3 1945
2 0 1 1 3 1 3 2 1945
2 0 1 1 4 4 4 0 1945
2 0 1 1 5 1 2 1 1945
2 0 1 10 -4 1 2 1 1945
2 0 1 10 -3 1 5 4 1945
2 0 1 10 -2 1 5 4 1945
2 0 1 10 -1 3 14 11 1945
2 0 1 10 0 12 26 14 1945
2 0 1 10 1 4 9 5 1945
2 0 1 10 2 1 2 1 1945
2 0 1 10 3 3 3 0 1945
2 0 1 10 4 0 1 1 1945
2 0 1 10 5 0 1 1 1945
2 0 1 11 -5 0 1 1 1945
2 0 1 11 -4 0 2 2 1945
2 0 1 11 -3 1 4 3 1945
2 0 1 11 -2 0 5 5 1945
2 0 1 11 -1 2 14 12 1945
2 0 1 11 0 7 21 14 1945
2 0 1 11 1 3 5 2 1945
2 0 1 11 2 2 4 2 1945
2 0 1 11 3 1 2 1 1945
2 0 1 11 4 2 2 0 1945
2 0 1 100 -3 0 2 2 1945
2 0 1 100 -1 3 7 4 1945
2 0 1 100 0 3 9 6 1945
2 0 1 100 1 2 3 1 1945
2 0 1 100 2 1 1 0 1945
2 0 1 100 3 1 1 0 1945
2 0 1 100 7 1 1 0 1945
2 0 1 101 -2 0 4 4 1945
2 0 1 101 -1 0 3 3 1945
2 0 1 101 0 2 7 5 1945
2 0 1 101 1 0 3 3 1945
2 0 1 101 2 5 5 0 1945
2 0 1 110 -3 0 1 1 1945
2 0 1 110 -2 1 2 1 1945
2 0 1 110 -1 3 11 8 1945
2 0 1 110 0 6 10 4 1945
2 0 1 110 1 1 3 2 1945
2 0 1 110 2 1 3 2 1945
2 0 1 111 -4 0 1 1 1945
2 0 1 111 -3 1 1 0 1945
2 0 1 111 -2 0 3 3 1945
2 0 1 111 -1 1 3 2 1945
2 0 1 111 0 3 9 6 1945
2 0 1 111 2 0 1 1 1945
2 0 2 0 -7 0 1 1 1945
2 0 2 0 -5 0 4 4 1945
2 0 2 0 -4 1 4 3 1945
2 0 2 0 -3 0 5 5 1945
2 0 2 0 -2 6 18 12 1945
2 0 2 0 -1 19 46 27 1945
2 0 2 0 0 67 151 84 1945
2 0 2 0 1 26 35 9 1945
2 0 2 0 2 12 16 4 1945
2 0 2 0 3 7 7 0 1945
2 0 2 0 4 3 3 0 1945
2 0 2 0 5 1 1 0 1945
2 0 2 0 6 1 1 0 1945
2 0 2 1 -7 0 1 1 1945
2 0 2 1 -5 0 2 2 1945
2 0 2 1 -4 1 6 5 1945
2 0 2 1 -3 0 6 6 1945
2 0 2 1 -2 2 9 7 1945
2 0 2 1 -1 13 38 25 1945
2 0 2 1 0 35 80 45 1945
2 0 2 1 1 12 20 8 1945
2 0 2 1 2 5 9 4 1945
2 0 2 1 3 2 2 0 1945
2 0 2 1 4 2 2 0 1945
2 0 2 1 5 1 1 0 1945
2 0 2 1 6 1 1 0 1945
2 0 2 10 -4 1 1 0 1945
2 0 2 10 -3 1 10 9 1945
2 0 2 10 -2 2 11 9 1945
2 0 2 10 -1 4 13 9 1945
2 0 2 10 0 14 27 13 1945
2 0 2 10 1 6 13 7 1945
2 0 2 10 2 1 1 0 1945
2 0 2 10 3 2 2 0 1945
2 0 2 10 4 0 1 1 1945
2 0 2 10 5 0 2 2 1945
2 0 2 11 -6 0 1 1 1945
2 0 2 11 -5 0 1 1 1945
2 0 2 11 -4 0 1 1 1945
2 0 2 11 -3 0 6 6 1945
2 0 2 11 -2 1 5 4 1945
2 0 2 11 -1 8 24 16 1945
2 0 2 11 0 13 27 14 1945
2 0 2 11 1 8 11 3 1945
2 0 2 11 2 1 3 2 1945
2 0 2 11 3 0 1 1 1945
2 0 2 11 4 1 1 0 1945
2 0 2 100 -6 0 1 1 1945
2 0 2 100 -5 0 1 1 1945
2 0 2 100 -4 0 1 1 1945
2 0 2 100 -3 1 2 1 1945
2 0 2 100 -2 0 2 2 1945
2 0 2 100 -1 6 10 4 1945
2 0 2 100 0 4 10 6 1945
2 0 2 100 1 2 2 0 1945
2 0 2 100 2 2 3 1 1945
2 0 2 101 -3 0 1 1 1945
2 0 2 101 -2 2 4 2 1945
2 0 2 101 -1 6 6 0 1945
2 0 2 101 0 6 13 7 1945
2 0 2 101 1 0 4 4 1945
2 0 2 101 2 2 2 0 1945
2 0 2 110 -4 0 2 2 1945
2 0 2 110 -3 0 1 1 1945
2 0 2 110 -2 0 4 4 1945
2 0 2 110 -1 2 8 6 1945
2 0 2 110 0 1 3 2 1945
2 0 2 110 1 1 2 1 1945
2 0 2 111 -4 0 2 2 1945
2 0 2 111 -3 0 2 2 1945
2 0 2 111 -2 0 2 2 1945
2 0 2 111 -1 1 3 2 1945
2 0 2 111 0 1 8 7 1945
2 0 2 111 1 0 1 1 1945
2 1 0 0 -7 0 1 1 1945
2 1 0 0 -6 0 2 2 1945
2 1 0 0 -5 0 5 5 1945
2 1 0 0 -4 4 14 10 1945
2 1 0 0 -3 2 22 20 1945
2 1 0 0 -2 12 45 33 1945
2 1 0 0 -1 38 108 70 1945
2 1 0 0 0 105 235 130 1945
2 1 0 0 1 47 67 20 1945
2 1 0 0 2 15 22 7 1945
2 1 0 0 3 10 12 2 1945
2 1 0 0 4 7 8 1 1945
2 1 0 0 5 2 4 2 1945
2 1 0 0 6 1 1 0 1945
2 1 0 1 -7 0 1 1 1945
2 1 0 1 -6 0 1 1 1945
2 1 0 1 -4 0 1 1 1945
2 1 0 1 -3 2 9 7 1945
2 1 0 1 -2 2 11 9 1945
2 1 0 1 -1 9 30 21 1945
2 1 0 1 0 33 68 35 1945
2 1 0 1 1 12 18 6 1945
2 1 0 1 2 6 8 2 1945
2 1 0 1 3 4 5 1 1945
2 1 0 1 4 4 4 0 1945
2 1 0 1 5 1 2 1 1945
2 1 0 1 6 1 1 0 1945
2 1 0 10 -4 0 1 1 1945
2 1 0 10 -2 2 3 1 1945
2 1 0 10 -1 1 5 4 1945
2 1 0 10 0 5 12 7 1945
2 1 0 10 1 2 2 0 1945
2 1 0 10 2 2 4 2 1945
2 1 0 10 3 1 1 0 1945
2 1 0 10 4 1 1 0 1945
2 1 0 11 -3 0 1 1 1945
2 1 0 11 -2 1 3 2 1945
2 1 0 11 -1 3 8 5 1945
2 1 0 11 0 5 11 6 1945
2 1 0 11 1 1 3 2 1945
2 1 0 11 3 1 1 0 1945
2 1 0 11 4 2 2 0 1945
2 1 0 11 5 1 2 1 1945
2 1 0 100 -2 1 1 0 1945
2 1 0 100 -1 1 2 1 1945
2 1 0 100 0 1 2 1 1945
2 1 0 100 1 2 2 0 1945
2 1 0 101 -4 0 1 1 1945
2 1 0 101 -3 0 1 1 1945
2 1 0 101 -2 1 1 0 1945
2 1 0 101 0 4 6 2 1945
2 1 0 101 2 1 1 0 1945
2 1 0 110 -1 1 1 0 1945
2 1 0 110 0 4 6 2 1945
2 1 0 110 1 2 2 0 1945
2 1 0 111 -1 1 2 1 1945
2 1 0 111 0 0 2 2 1945
2 1 1 0 -6 0 1 1 1945
2 1 1 0 -5 0 5 5 1945
2 1 1 0 -4 3 11 8 1945
2 1 1 0 -3 0 13 13 1945
2 1 1 0 -2 8 32 24 1945
2 1 1 0 -1 28 75 47 1945
2 1 1 0 0 70 162 92 1945
2 1 1 0 1 34 49 15 1945
2 1 1 0 2 9 16 7 1945
2 1 1 0 3 8 9 1 1945
2 1 1 0 4 3 4 1 1945
2 1 1 0 5 1 2 1 1945
2 1 1 1 -7 0 1 1 1945
2 1 1 1 -6 0 1 1 1945
2 1 1 1 -5 0 2 2 1945
2 1 1 1 -4 0 4 4 1945
2 1 1 1 -3 1 9 8 1945
2 1 1 1 -2 3 15 12 1945
2 1 1 1 -1 12 33 21 1945
2 1 1 1 0 29 67 38 1945
2 1 1 1 1 21 28 7 1945
2 1 1 1 2 7 13 6 1945
2 1 1 1 3 4 7 3 1945
2 1 1 1 4 3 4 1 1945
2 1 1 1 5 0 1 1 1945
2 1 1 1 6 1 1 0 1945
2 1 1 10 -3 0 3 3 1945
2 1 1 10 -2 2 4 2 1945
2 1 1 10 -1 2 10 8 1945
2 1 1 10 0 16 29 13 1945
2 1 1 10 1 7 11 4 1945
2 1 1 10 2 2 3 1 1945
2 1 1 10 3 4 5 1 1945
2 1 1 10 4 2 2 0 1945
2 1 1 11 -5 0 1 1 1945
2 1 1 11 -4 0 1 1 1945
2 1 1 11 -3 0 3 3 1945
2 1 1 11 -2 0 3 3 1945
2 1 1 11 -1 4 11 7 1945
2 1 1 11 0 8 14 6 1945
2 1 1 11 1 6 10 4 1945
2 1 1 11 2 1 2 1 1945
2 1 1 11 3 2 2 0 1945
2 1 1 11 4 2 2 0 1945
2 1 1 100 -3 0 1 1 1945
2 1 1 100 -1 2 3 1 1945
2 1 1 100 0 4 8 4 1945
2 1 1 100 1 8 12 4 1945
2 1 1 100 2 3 6 3 1945
2 1 1 100 3 0 1 1 1945
2 1 1 100 4 1 1 0 1945
2 1 1 101 -3 0 1 1 1945
2 1 1 101 -1 1 3 2 1945
2 1 1 101 0 2 12 10 1945
2 1 1 101 1 6 6 0 1945
2 1 1 101 2 4 5 1 1945
2 1 1 101 3 1 3 2 1945
2 1 1 110 -6 0 1 1 1945
2 1 1 110 -5 0 1 1 1945
2 1 1 110 -3 0 2 2 1945
2 1 1 110 -2 1 1 0 1945
2 1 1 110 -1 4 7 3 1945
2 1 1 110 0 4 8 4 1945
2 1 1 110 1 2 4 2 1945
2 1 1 110 2 4 5 1 1945
2 1 1 110 3 1 2 1 1945
2 1 1 110 4 1 1 0 1945
2 1 1 111 -3 0 1 1 1945
2 1 1 111 -2 1 3 2 1945
2 1 1 111 -1 4 6 2 1945
2 1 1 111 0 5 11 6 1945
2 1 1 111 1 2 4 2 1945
2 1 1 111 2 1 2 1 1945
2 1 1 111 3 1 1 0 1945
2 1 1 111 4 1 1 0 1945
2 1 2 0 -6 0 1 1 1945
2 1 2 0 -5 0 3 3 1945
2 1 2 0 -4 3 8 5 1945
2 1 2 0 -3 0 8 8 1945
2 1 2 0 -2 5 23 18 1945
2 1 2 0 -1 19 53 34 1945
2 1 2 0 0 49 122 73 1945
2 1 2 0 1 25 39 14 1945
2 1 2 0 2 10 13 3 1945
2 1 2 0 3 8 11 3 1945
2 1 2 0 4 2 3 1 1945
2 1 2 0 5 2 3 1 1945
2 1 2 0 7 1 1 0 1945
2 1 2 1 -7 0 1 1 1945
2 1 2 1 -5 0 1 1 1945
2 1 2 1 -4 2 5 3 1945
2 1 2 1 -3 0 4 4 1945
2 1 2 1 -2 3 15 12 1945
2 1 2 1 -1 9 28 19 1945
2 1 2 1 0 31 71 40 1945
2 1 2 1 1 22 33 11 1945
2 1 2 1 2 6 13 7 1945
2 1 2 1 3 7 9 2 1945
2 1 2 1 4 2 2 0 1945
2 1 2 1 5 4 6 2 1945
2 1 2 10 -4 0 2 2 1945
2 1 2 10 -3 1 5 4 1945
2 1 2 10 -2 2 4 2 1945
2 1 2 10 -1 2 10 8 1945
2 1 2 10 0 8 24 16 1945
2 1 2 10 1 8 14 6 1945
2 1 2 10 2 4 6 2 1945
2 1 2 10 3 4 5 1 1945
2 1 2 10 4 3 3 0 1945
2 1 2 10 5 1 1 0 1945
2 1 2 11 -7 0 1 1 1945
2 1 2 11 -4 2 4 2 1945
2 1 2 11 -3 0 2 2 1945
2 1 2 11 -2 0 3 3 1945
2 1 2 11 -1 5 10 5 1945
2 1 2 11 0 12 33 21 1945
2 1 2 11 1 12 18 6 1945
2 1 2 11 2 2 4 2 1945
2 1 2 11 3 3 5 2 1945
2 1 2 11 4 2 2 0 1945
2 1 2 11 5 1 1 0 1945
2 1 2 100 -4 0 1 1 1945
2 1 2 100 -2 0 1 1 1945
2 1 2 100 -1 2 7 5 1945
2 1 2 100 0 3 7 4 1945
2 1 2 100 1 7 12 5 1945
2 1 2 100 2 2 3 1 1945
2 1 2 100 3 1 2 1 1945
2 1 2 100 4 2 2 0 1945
2 1 2 101 -4 0 1 1 1945
2 1 2 101 -3 0 1 1 1945
2 1 2 101 -2 0 1 1 1945
2 1 2 101 -1 1 3 2 1945
2 1 2 101 0 3 8 5 1945
2 1 2 101 1 4 7 3 1945
2 1 2 101 2 3 4 1 1945
2 1 2 101 3 1 2 1 1945
2 1 2 110 -6 0 1 1 1945
2 1 2 110 -3 0 2 2 1945
2 1 2 110 -1 3 3 0 1945
2 1 2 110 0 0 3 3 1945
2 1 2 110 1 4 7 3 1945
2 1 2 110 2 5 6 1 1945
2 1 2 110 3 4 5 1 1945
2 1 2 110 4 2 2 0 1945
2 1 2 110 5 2 2 0 1945
2 1 2 111 -4 1 1 0 1945
2 1 2 111 -2 1 3 2 1945
2 1 2 111 -1 4 5 1 1945
2 1 2 111 0 3 10 7 1945
2 1 2 111 1 4 10 6 1945
2 1 2 111 2 2 3 1 1945
2 1 2 111 3 2 2 0 1945
2 1 2 111 4 1 1 0 1945
2 1 2 111 5 1 1 0 1945
3 0 0 0 -7 0 1 1 1945
3 0 0 0 -6 0 1 1 1945
3 0 0 0 -5 0 5 5 1945
3 0 0 0 -4 3 11 8 1945
3 0 0 0 -3 3 23 20 1945
3 0 0 0 -2 9 46 37 1945
3 0 0 0 -1 30 83 53 1945
3 0 0 0 0 79 197 118 1945
3 0 0 0 1 56 93 37 1945
3 0 0 0 2 23 37 14 1945
3 0 0 0 3 22 32 10 1945
3 0 0 0 4 9 10 1 1945
3 0 0 0 5 7 9 2 1945
3 0 0 0 6 1 1 0 1945
3 0 0 0 7 1 1 0 1945
3 0 0 1 -6 0 1 1 1945
3 0 0 1 -5 0 3 3 1945
3 0 0 1 -4 0 2 2 1945
3 0 0 1 -3 0 10 10 1945
3 0 0 1 -2 4 16 12 1945
3 0 0 1 -1 12 26 14 1945
3 0 0 1 0 17 44 27 1945
3 0 0 1 1 12 22 10 1945
3 0 0 1 2 12 17 5 1945
3 0 0 1 3 6 7 1 1945
3 0 0 1 4 1 1 0 1945
3 0 0 1 5 1 2 1 1945
3 0 0 10 -5 0 1 1 1945
3 0 0 10 -3 1 4 3 1945
3 0 0 10 -2 0 2 2 1945
3 0 0 10 -1 3 6 3 1945
3 0 0 10 0 2 12 10 1945
3 0 0 10 1 2 2 0 1945
3 0 0 10 2 1 2 1 1945
3 0 0 10 3 1 1 0 1945
3 0 0 11 -5 0 2 2 1945
3 0 0 11 -3 0 2 2 1945
3 0 0 11 -2 2 3 1 1945
3 0 0 11 -1 1 4 3 1945
3 0 0 11 0 3 5 2 1945
3 0 0 11 1 3 5 2 1945
3 0 0 11 2 2 2 0 1945
3 0 0 11 3 0 1 1 1945
3 0 0 11 4 1 1 0 1945
3 0 0 100 -7 0 1 1 1945
3 0 0 100 -2 0 2 2 1945
3 0 0 100 -1 0 3 3 1945
3 0 0 100 1 1 1 0 1945
3 0 0 101 -4 0 1 1 1945
3 0 0 101 -3 0 1 1 1945
3 0 0 101 -2 0 3 3 1945
3 0 0 101 -1 0 2 2 1945
3 0 0 101 0 1 2 1 1945
3 0 0 101 1 1 1 0 1945
3 0 0 101 2 1 1 0 1945
3 0 0 110 -4 0 1 1 1945
3 0 0 110 -2 0 2 2 1945
3 0 0 110 -1 0 1 1 1945
3 0 0 110 2 0 1 1 1945
3 0 0 111 -5 0 1 1 1945
3 0 0 111 -2 0 1 1 1945
3 0 0 111 0 1 2 1 1945
3 0 0 111 1 2 3 1 1945
3 0 0 111 2 1 1 0 1945
3 0 1 0 -7 0 1 1 1945
3 0 1 0 -5 1 3 2 1945
3 0 1 0 -4 4 11 7 1945
3 0 1 0 -3 2 12 10 1945
3 0 1 0 -2 6 30 24 1945
3 0 1 0 -1 16 49 33 1945
3 0 1 0 0 59 144 85 1945
3 0 1 0 1 42 70 28 1945
3 0 1 0 2 12 20 8 1945
3 0 1 0 3 15 24 9 1945
3 0 1 0 4 8 9 1 1945
3 0 1 0 5 6 7 1 1945
3 0 1 0 6 1 1 0 1945
3 0 1 0 7 1 1 0 1945
3 0 1 1 -6 0 1 1 1945
3 0 1 1 -5 0 1 1 1945
3 0 1 1 -4 1 5 4 1945
3 0 1 1 -3 1 10 9 1945
3 0 1 1 -2 3 20 17 1945
3 0 1 1 -1 11 26 15 1945
3 0 1 1 0 25 66 41 1945
3 0 1 1 1 12 28 16 1945
3 0 1 1 2 11 17 6 1945
3 0 1 1 3 7 12 5 1945
3 0 1 1 4 2 2 0 1945
3 0 1 1 5 3 3 0 1945
3 0 1 10 -4 0 1 1 1945
3 0 1 10 -3 0 4 4 1945
3 0 1 10 -2 1 6 5 1945
3 0 1 10 -1 6 16 10 1945
3 0 1 10 0 9 26 17 1945
3 0 1 10 1 6 9 3 1945
3 0 1 10 2 3 4 1 1945
3 0 1 10 3 3 3 0 1945
3 0 1 10 4 1 1 0 1945
3 0 1 10 5 1 1 0 1945
3 0 1 11 -6 0 1 1 1945
3 0 1 11 -4 0 1 1 1945
3 0 1 11 -3 2 6 4 1945
3 0 1 11 -2 3 4 1 1945
3 0 1 11 -1 6 12 6 1945
3 0 1 11 0 8 20 12 1945
3 0 1 11 1 3 8 5 1945
3 0 1 11 2 5 6 1 1945
3 0 1 11 3 2 2 0 1945
3 0 1 100 -7 0 1 1 1945
3 0 1 100 -5 1 2 1 1945
3 0 1 100 -4 0 1 1 1945
3 0 1 100 -3 1 2 1 1945
3 0 1 100 -2 0 4 4 1945
3 0 1 100 -1 0 3 3 1945
3 0 1 100 0 4 8 4 1945
3 0 1 100 1 2 3 1 1945
3 0 1 100 2 2 2 0 1945
3 0 1 101 -5 0 1 1 1945
3 0 1 101 -4 0 2 2 1945
3 0 1 101 -2 0 3 3 1945
3 0 1 101 -1 1 3 2 1945
3 0 1 101 0 4 5 1 1945
3 0 1 101 1 2 3 1 1945
3 0 1 101 4 1 1 0 1945
3 0 1 110 -4 0 1 1 1945
3 0 1 110 -3 0 1 1 1945
3 0 1 110 -2 0 1 1 1945
3 0 1 110 -1 2 3 1 1945
3 0 1 110 0 1 2 1 1945
3 0 1 110 1 1 3 2 1945
3 0 1 110 2 1 1 0 1945
3 0 1 110 3 1 1 0 1945
3 0 1 111 -3 0 1 1 1945
3 0 1 111 -2 1 2 1 1945
3 0 1 111 -1 3 5 2 1945
3 0 1 111 0 4 5 1 1945
3 0 1 111 1 3 4 1 1945
3 0 2 0 -7 0 1 1 1945
3 0 2 0 -5 1 5 4 1945
3 0 2 0 -4 2 9 7 1945
3 0 2 0 -3 1 14 13 1945
3 0 2 0 -2 5 27 22 1945
3 0 2 0 -1 13 40 27 1945
3 0 2 0 0 46 104 58 1945
3 0 2 0 1 36 56 20 1945
3 0 2 0 2 6 13 7 1945
3 0 2 0 3 11 15 4 1945
3 0 2 0 4 5 6 1 1945
3 0 2 0 5 4 6 2 1945
3 0 2 0 6 1 1 0 1945
3 0 2 0 7 1 1 0 1945
3 0 2 1 -7 0 2 2 1945
3 0 2 1 -5 0 2 2 1945
3 0 2 1 -4 1 8 7 1945
3 0 2 1 -3 0 10 10 1945
3 0 2 1 -2 3 24 21 1945
3 0 2 1 -1 5 23 18 1945
3 0 2 1 0 19 54 35 1945
3 0 2 1 1 18 26 8 1945
3 0 2 1 2 3 10 7 1945
3 0 2 1 3 7 11 4 1945
3 0 2 1 4 1 1 0 1945
3 0 2 1 5 3 4 1 1945
3 0 2 10 -6 0 1 1 1945
3 0 2 10 -5 0 1 1 1945
3 0 2 10 -4 1 2 1 1945
3 0 2 10 -3 0 5 5 1945
3 0 2 10 -2 0 8 8 1945
3 0 2 10 -1 8 24 16 1945
3 0 2 10 0 7 31 24 1945
3 0 2 10 1 7 15 8 1945
3 0 2 10 2 7 7 0 1945
3 0 2 10 3 4 7 3 1945
3 0 2 10 4 3 3 0 1945
3 0 2 10 5 1 1 0 1945
3 0 2 11 -6 0 1 1 1945
3 0 2 11 -4 1 5 4 1945
3 0 2 11 -3 1 4 3 1945
3 0 2 11 -2 1 5 4 1945
3 0 2 11 -1 8 17 9 1945
3 0 2 11 0 6 24 18 1945
3 0 2 11 1 6 12 6 1945
3 0 2 11 2 6 8 2 1945
3 0 2 11 3 5 5 0 1945
3 0 2 11 5 1 2 1 1945
3 0 2 100 -5 1 1 0 1945
3 0 2 100 -4 0 2 2 1945
3 0 2 100 -3 0 2 2 1945
3 0 2 100 -2 0 1 1 1945
3 0 2 100 -1 2 10 8 1945
3 0 2 100 0 3 8 5 1945
3 0 2 100 1 3 4 1 1945
3 0 2 100 2 1 1 0 1945
3 0 2 100 3 1 1 0 1945
3 0 2 100 4 1 1 0 1945
3 0 2 101 -5 1 3 2 1945
3 0 2 101 -4 0 4 4 1945
3 0 2 101 -3 1 3 2 1945
3 0 2 101 -2 0 6 6 1945
3 0 2 101 -1 4 7 3 1945
3 0 2 101 0 2 5 3 1945
3 0 2 101 1 3 7 4 1945
3 0 2 101 4 1 1 0 1945
3 0 2 110 -7 0 1 1 1945
3 0 2 110 -5 0 1 1 1945
3 0 2 110 -4 1 2 1 1945
3 0 2 110 -3 1 2 1 1945
3 0 2 110 -2 1 3 2 1945
3 0 2 110 0 4 5 1 1945
3 0 2 110 1 0 1 1 1945
3 0 2 110 3 1 1 0 1945
3 0 2 111 -4 0 3 3 1945
3 0 2 111 -3 0 1 1 1945
3 0 2 111 -2 2 5 3 1945
3 0 2 111 -1 3 5 2 1945
3 0 2 111 0 4 5 1 1945
3 0 2 111 1 3 3 0 1945
3 0 2 111 2 2 2 0 1945
3 0 2 111 3 1 1 0 1945
3 1 0 0 -7 0 3 3 1945
3 1 0 0 -6 0 2 2 1945
3 1 0 0 -5 2 9 7 1945
3 1 0 0 -4 4 19 15 1945
3 1 0 0 -3 5 36 31 1945
3 1 0 0 -2 11 55 44 1945
3 1 0 0 -1 32 90 58 1945
3 1 0 0 0 82 170 88 1945
3 1 0 0 1 56 90 34 1945
3 1 0 0 2 19 29 10 1945
3 1 0 0 3 20 28 8 1945
3 1 0 0 4 8 10 2 1945
3 1 0 0 5 6 9 3 1945
3 1 0 0 6 1 1 0 1945
3 1 0 0 7 1 1 0 1945
3 1 0 1 -6 0 1 1 1945
3 1 0 1 -5 0 2 2 1945
3 1 0 1 -4 2 6 4 1945
3 1 0 1 -3 1 10 9 1945
3 1 0 1 -2 1 12 11 1945
3 1 0 1 -1 12 24 12 1945
3 1 0 1 0 21 44 23 1945
3 1 0 1 1 19 28 9 1945
3 1 0 1 2 7 9 2 1945
3 1 0 1 3 8 9 1 1945
3 1 0 1 4 3 3 0 1945
3 1 0 1 5 2 2 0 1945
3 1 0 1 6 1 1 0 1945
3 1 0 10 -5 0 1 1 1945
3 1 0 10 -4 0 4 4 1945
3 1 0 10 -3 0 2 2 1945
3 1 0 10 -2 0 2 2 1945
3 1 0 10 -1 3 5 2 1945
3 1 0 10 0 6 10 4 1945
3 1 0 10 1 11 12 1 1945
3 1 0 10 2 0 1 1 1945
3 1 0 10 3 2 4 2 1945
3 1 0 11 -4 1 4 3 1945
3 1 0 11 -3 0 1 1 1945
3 1 0 11 -2 1 4 3 1945
3 1 0 11 -1 3 7 4 1945
3 1 0 11 0 5 5 0 1945
3 1 0 11 1 0 1 1 1945
3 1 0 11 2 0 1 1 1945
3 1 0 11 3 2 2 0 1945
3 1 0 11 4 1 1 0 1945
3 1 0 100 -2 1 1 0 1945
3 1 0 100 0 2 3 1 1945
3 1 0 100 1 2 2 0 1945
3 1 0 100 2 2 2 0 1945
3 1 0 101 -2 1 1 0 1945
3 1 0 101 0 2 2 0 1945
3 1 0 101 1 4 4 0 1945
3 1 0 101 2 2 2 0 1945
3 1 0 110 -1 1 1 0 1945
3 1 0 110 0 1 1 0 1945
3 1 0 110 1 2 3 1 1945
3 1 0 110 3 1 1 0 1945
3 1 0 111 -4 0 1 1 1945
3 1 0 111 -3 0 1 1 1945
3 1 0 111 -1 2 3 1 1945
3 1 0 111 0 2 2 0 1945
3 1 0 111 2 0 1 1 1945
3 1 0 111 4 1 1 0 1945
3 1 1 0 -7 0 3 3 1945
3 1 1 0 -6 0 1 1 1945
3 1 1 0 -5 1 5 4 1945
3 1 1 0 -4 2 12 10 1945
3 1 1 0 -3 4 26 22 1945
3 1 1 0 -2 9 41 32 1945
3 1 1 0 -1 16 61 45 1945
3 1 1 0 0 54 115 61 1945
3 1 1 0 1 32 56 24 1945
3 1 1 0 2 14 21 7 1945
3 1 1 0 3 15 20 5 1945
3 1 1 0 4 6 7 1 1945
3 1 1 0 5 4 7 3 1945
3 1 1 0 7 1 1 0 1945
3 1 1 0 8 1 1 0 1945
3 1 1 1 -7 0 1 1 1945
3 1 1 1 -6 0 1 1 1945
3 1 1 1 -5 0 3 3 1945
3 1 1 1 -4 2 4 2 1945
3 1 1 1 -3 3 17 14 1945
3 1 1 1 -2 2 15 13 1945
3 1 1 1 -1 8 22 14 1945
3 1 1 1 0 29 53 24 1945
3 1 1 1 1 16 31 15 1945
3 1 1 1 2 12 15 3 1945
3 1 1 1 3 12 15 3 1945
3 1 1 1 4 2 2 0 1945
3 1 1 1 5 1 2 1 1945
3 1 1 1 6 1 1 0 1945
3 1 1 1 7 1 1 0 1945
3 1 1 10 -5 0 1 1 1945
3 1 1 10 -4 1 2 1 1945
3 1 1 10 -3 0 5 5 1945
3 1 1 10 -2 0 3 3 1945
3 1 1 10 -1 5 12 7 1945
3 1 1 10 0 13 26 13 1945
3 1 1 10 1 14 18 4 1945
3 1 1 10 2 9 11 2 1945
3 1 1 10 3 6 8 2 1945
3 1 1 10 4 4 4 0 1945
3 1 1 10 5 1 1 0 1945
3 1 1 10 6 1 1 0 1945
3 1 1 11 -4 2 2 0 1945
3 1 1 11 -3 2 7 5 1945
3 1 1 11 -2 2 5 3 1945
3 1 1 11 -1 4 8 4 1945
3 1 1 11 0 14 20 6 1945
3 1 1 11 1 6 10 4 1945
3 1 1 11 2 4 5 1 1945
3 1 1 11 3 3 4 1 1945
3 1 1 11 4 1 1 0 1945
3 1 1 11 5 3 3 0 1945
3 1 1 100 -3 0 3 3 1945
3 1 1 100 -1 1 1 0 1945
3 1 1 100 0 4 10 6 1945
3 1 1 100 1 9 9 0 1945
3 1 1 100 2 6 6 0 1945
3 1 1 100 3 2 2 0 1945
3 1 1 100 4 1 1 0 1945
3 1 1 101 -4 1 1 0 1945
3 1 1 101 -3 0 1 1 1945
3 1 1 101 -2 0 3 3 1945
3 1 1 101 -1 2 6 4 1945
3 1 1 101 0 4 6 2 1945
3 1 1 101 1 9 11 2 1945
3 1 1 101 2 3 3 0 1945
3 1 1 101 3 1 1 0 1945
3 1 1 101 4 2 2 0 1945
3 1 1 101 5 2 2 0 1945
3 1 1 110 -5 0 1 1 1945
3 1 1 110 -3 0 1 1 1945
3 1 1 110 -2 1 1 0 1945
3 1 1 110 -1 1 2 1 1945
3 1 1 110 0 2 2 0 1945
3 1 1 110 1 0 2 2 1945
3 1 1 110 2 3 3 0 1945
3 1 1 110 3 3 3 0 1945
3 1 1 110 5 1 1 0 1945
3 1 1 111 -4 2 2 0 1945
3 1 1 111 -2 1 1 0 1945
3 1 1 111 -1 3 6 3 1945
3 1 1 111 0 1 2 1 1945
3 1 1 111 1 3 6 3 1945
3 1 1 111 2 4 4 0 1945
3 1 1 111 3 1 1 0 1945
3 1 1 111 5 1 1 0 1945
3 1 2 0 -7 0 2 2 1945
3 1 2 0 -6 0 1 1 1945
3 1 2 0 -5 1 3 2 1945
3 1 2 0 -4 0 9 9 1945
3 1 2 0 -3 3 15 12 1945
3 1 2 0 -2 8 35 27 1945
3 1 2 0 -1 15 50 35 1945
3 1 2 0 0 33 82 49 1945
3 1 2 0 1 27 45 18 1945
3 1 2 0 2 12 18 6 1945
3 1 2 0 3 15 19 4 1945
3 1 2 0 4 4 5 1 1945
3 1 2 0 5 9 11 2 1945
3 1 2 0 8 1 1 0 1945
3 1 2 1 -7 0 2 2 1945
3 1 2 1 -6 0 1 1 1945
3 1 2 1 -5 0 2 2 1945
3 1 2 1 -4 0 4 4 1945
3 1 2 1 -3 2 7 5 1945
3 1 2 1 -2 2 11 9 1945
3 1 2 1 -1 6 28 22 1945
3 1 2 1 0 19 54 35 1945
3 1 2 1 1 16 34 18 1945
3 1 2 1 2 16 21 5 1945
3 1 2 1 3 12 16 4 1945
3 1 2 1 4 5 5 0 1945
3 1 2 1 5 8 10 2 1945
3 1 2 1 6 1 1 0 1945
3 1 2 1 7 1 1 0 1945
3 1 2 10 -5 0 2 2 1945
3 1 2 10 -4 0 2 2 1945
3 1 2 10 -3 0 4 4 1945
3 1 2 10 -2 2 8 6 1945
3 1 2 10 -1 2 10 8 1945
3 1 2 10 0 4 15 11 1945
3 1 2 10 1 12 18 6 1945
3 1 2 10 2 16 18 2 1945
3 1 2 10 3 7 11 4 1945
3 1 2 10 4 3 3 0 1945
3 1 2 10 6 4 4 0 1945
3 1 2 10 8 1 1 0 1945
3 1 2 11 -3 1 4 3 1945
3 1 2 11 -2 1 6 5 1945
3 1 2 11 -1 5 12 7 1945
3 1 2 11 0 15 26 11 1945
3 1 2 11 1 7 12 5 1945
3 1 2 11 2 10 15 5 1945
3 1 2 11 3 7 8 1 1945
3 1 2 11 4 2 2 0 1945
3 1 2 11 5 1 2 1 1945
3 1 2 11 6 1 1 0 1945
3 1 2 100 -4 0 2 2 1945
3 1 2 100 -3 0 3 3 1945
3 1 2 100 -2 0 1 1 1945
3 1 2 100 -1 1 4 3 1945
3 1 2 100 0 3 10 7 1945
3 1 2 100 1 5 5 0 1945
3 1 2 100 2 4 5 1 1945
3 1 2 100 3 3 3 0 1945
3 1 2 100 4 3 3 0 1945
3 1 2 100 5 2 2 0 1945
3 1 2 100 6 1 1 0 1945
3 1 2 101 -3 0 2 2 1945
3 1 2 101 -2 0 1 1 1945
3 1 2 101 -1 1 4 3 1945
3 1 2 101 0 5 9 4 1945
3 1 2 101 1 4 7 3 1945
3 1 2 101 2 3 4 1 1945
3 1 2 101 3 3 3 0 1945
3 1 2 101 4 3 3 0 1945
3 1 2 101 5 1 1 0 1945
3 1 2 110 -3 0 1 1 1945
3 1 2 110 -2 0 1 1 1945
3 1 2 110 -1 1 1 0 1945
3 1 2 110 0 3 6 3 1945
3 1 2 110 1 3 4 1 1945
3 1 2 110 2 3 4 1 1945
3 1 2 110 3 2 2 0 1945
3 1 2 111 -2 0 1 1 1945
3 1 2 111 -1 3 6 3 1945
3 1 2 111 0 4 6 2 1945
3 1 2 111 1 6 8 2 1945
3 1 2 111 2 4 5 1 1945
3 1 2 111 3 1 1 0 1945
4 0 0 0 -10 0 1 1 1945
4 0 0 0 -8 0 1 1 1945
4 0 0 0 -7 0 3 3 1945
4 0 0 0 -6 0 2 2 1945
4 0 0 0 -5 1 6 5 1945
4 0 0 0 -4 0 12 12 1945
4 0 0 0 -3 3 34 31 1945
4 0 0 0 -2 9 55 46 1945
4 0 0 0 -1 21 74 53 1945
4 0 0 0 0 50 138 88 1945
4 0 0 0 1 49 89 40 1945
4 0 0 0 2 42 55 13 1945
4 0 0 0 3 31 42 11 1945
4 0 0 0 4 14 15 1 1945
4 0 0 0 5 14 17 3 1945
4 0 0 0 6 5 5 0 1945
4 0 0 0 7 1 1 0 1945
4 0 0 0 8 1 1 0 1945
4 0 0 1 -10 0 1 1 1945
4 0 0 1 -8 0 1 1 1945
4 0 0 1 -7 0 2 2 1945
4 0 0 1 -5 0 2 2 1945
4 0 0 1 -4 0 4 4 1945
4 0 0 1 -3 1 8 7 1945
4 0 0 1 -2 2 16 14 1945
4 0 0 1 -1 4 20 16 1945
4 0 0 1 0 13 46 33 1945
4 0 0 1 1 9 25 16 1945
4 0 0 1 2 14 18 4 1945
4 0 0 1 3 7 12 5 1945
4 0 0 1 4 6 7 1 1945
4 0 0 1 5 2 3 1 1945
4 0 0 1 6 4 4 0 1945
4 0 0 1 7 1 1 0 1945
4 0 0 10 -8 0 1 1 1945
4 0 0 10 -6 0 1 1 1945
4 0 0 10 -5 0 1 1 1945
4 0 0 10 -4 0 1 1 1945
4 0 0 10 -2 0 3 3 1945
4 0 0 10 -1 0 4 4 1945
4 0 0 10 0 2 5 3 1945
4 0 0 10 1 3 6 3 1945
4 0 0 10 2 4 4 0 1945
4 0 0 10 3 1 1 0 1945
4 0 0 10 4 1 3 2 1945
4 0 0 10 5 1 1 0 1945
4 0 0 11 -8 0 1 1 1945
4 0 0 11 -5 0 1 1 1945
4 0 0 11 -4 0 1 1 1945
4 0 0 11 -3 0 1 1 1945
4 0 0 11 -2 0 2 2 1945
4 0 0 11 -1 2 6 4 1945
4 0 0 11 0 1 8 7 1945
4 0 0 11 1 5 8 3 1945
4 0 0 11 2 3 3 0 1945
4 0 0 11 3 0 3 3 1945
4 0 0 11 6 2 2 0 1945
4 0 0 100 -4 0 1 1 1945
4 0 0 100 -2 0 1 1 1945
4 0 0 100 0 0 1 1 1945
4 0 0 100 1 1 1 0 1945
4 0 0 100 5 1 2 1 1945
4 0 0 100 6 1 1 0 1945
4 0 0 101 -7 0 1 1 1945
4 0 0 101 -4 0 1 1 1945
4 0 0 101 -3 0 1 1 1945
4 0 0 101 -1 0 4 4 1945
4 0 0 101 0 1 5 4 1945
4 0 0 101 1 0 1 1 1945
4 0 0 101 2 0 2 2 1945
4 0 0 101 4 0 1 1 1945
4 0 0 101 6 1 1 0 1945
4 0 0 101 7 1 1 0 1945
4 0 0 110 -4 0 1 1 1945
4 0 0 110 -3 0 2 2 1945
4 0 0 110 -2 0 1 1 1945
4 0 0 110 -1 0 3 3 1945
4 0 0 110 0 1 2 1 1945
4 0 0 110 1 0 3 3 1945
4 0 0 110 2 0 2 2 1945
4 0 0 110 3 1 2 1 1945
4 0 0 110 4 1 1 0 1945
4 0 0 111 -3 0 1 1 1945
4 0 0 111 -2 0 1 1 1945
4 0 0 111 -1 1 6 5 1945
4 0 0 111 0 0 2 2 1945
4 0 0 111 1 1 1 0 1945
4 0 1 0 -8 0 1 1 1945
4 0 1 0 -7 0 2 2 1945
4 0 1 0 -6 0 1 1 1945
4 0 1 0 -5 1 6 5 1945
4 0 1 0 -4 0 7 7 1945
4 0 1 0 -3 2 27 25 1945
4 0 1 0 -2 7 42 35 1945
4 0 1 0 -1 18 54 36 1945
4 0 1 0 0 38 91 53 1945
4 0 1 0 1 38 62 24 1945
4 0 1 0 2 26 35 9 1945
4 0 1 0 3 22 28 6 1945
4 0 1 0 4 9 9 0 1945
4 0 1 0 5 11 12 1 1945
4 0 1 0 8 1 1 0 1945
4 0 1 1 -8 0 1 1 1945
4 0 1 1 -7 0 1 1 1945
4 0 1 1 -5 0 4 4 1945
4 0 1 1 -4 0 4 4 1945
4 0 1 1 -3 0 10 10 1945
4 0 1 1 -2 4 23 19 1945
4 0 1 1 -1 4 13 9 1945
4 0 1 1 0 9 40 31 1945
4 0 1 1 1 19 29 10 1945
4 0 1 1 2 16 19 3 1945
4 0 1 1 3 9 14 5 1945
4 0 1 1 4 4 5 1 1945
4 0 1 1 5 7 8 1 1945
4 0 1 1 6 2 2 0 1945
4 0 1 1 8 1 1 0 1945
4 0 1 10 -10 0 1 1 1945
4 0 1 10 -8 0 2 2 1945
4 0 1 10 -5 0 2 2 1945
4 0 1 10 -4 0 1 1 1945
4 0 1 10 -3 1 5 4 1945
4 0 1 10 -2 0 9 9 1945
4 0 1 10 -1 3 16 13 1945
4 0 1 10 0 5 21 16 1945
4 0 1 10 1 4 9 5 1945
4 0 1 10 2 5 8 3 1945
4 0 1 10 3 5 5 0 1945
4 0 1 10 4 1 2 1 1945
4 0 1 10 5 1 1 0 1945
4 0 1 10 6 1 1 0 1945
4 0 1 11 -8 0 1 1 1945
4 0 1 11 -6 0 1 1 1945
4 0 1 11 -5 0 4 4 1945
4 0 1 11 -4 0 2 2 1945
4 0 1 11 -3 0 2 2 1945
4 0 1 11 -2 0 13 13 1945
4 0 1 11 -1 2 9 7 1945
4 0 1 11 0 4 17 13 1945
4 0 1 11 1 7 8 1 1945
4 0 1 11 2 2 2 0 1945
4 0 1 11 3 2 4 2 1945
4 0 1 11 5 3 3 0 1945
4 0 1 11 6 3 3 0 1945
4 0 1 100 -4 0 4 4 1945
4 0 1 100 -3 0 1 1 1945
4 0 1 100 -2 0 2 2 1945
4 0 1 100 0 2 5 3 1945
4 0 1 100 1 2 6 4 1945
4 0 1 100 2 1 1 0 1945
4 0 1 100 5 1 1 0 1945
4 0 1 100 6 1 1 0 1945
4 0 1 101 -8 0 1 1 1945
4 0 1 101 -7 0 1 1 1945
4 0 1 101 -6 0 1 1 1945
4 0 1 101 -5 0 2 2 1945
4 0 1 101 -4 0 1 1 1945
4 0 1 101 -3 0 1 1 1945
4 0 1 101 -2 0 2 2 1945
4 0 1 101 -1 2 7 5 1945
4 0 1 101 0 1 5 4 1945
4 0 1 101 1 1 3 2 1945
4 0 1 101 2 3 4 1 1945
4 0 1 101 5 1 1 0 1945
4 0 1 110 -6 0 2 2 1945
4 0 1 110 -4 0 4 4 1945
4 0 1 110 -3 0 5 5 1945
4 0 1 110 -2 1 4 3 1945
4 0 1 110 -1 1 4 3 1945
4 0 1 110 0 2 8 6 1945
4 0 1 110 1 1 4 3 1945
4 0 1 110 2 1 1 0 1945
4 0 1 110 3 1 1 0 1945
4 0 1 110 4 1 1 0 1945
4 0 1 110 5 1 1 0 1945
4 0 1 111 -6 0 1 1 1945
4 0 1 111 -4 0 2 2 1945
4 0 1 111 -3 0 1 1 1945
4 0 1 111 -2 1 6 5 1945
4 0 1 111 -1 2 10 8 1945
4 0 1 111 0 1 7 6 1945
4 0 1 111 1 2 4 2 1945
4 0 2 0 -11 0 1 1 1945
4 0 2 0 -10 0 1 1 1945
4 0 2 0 -8 0 2 2 1945
4 0 2 0 -7 0 2 2 1945
4 0 2 0 -6 0 2 2 1945
4 0 2 0 -5 1 7 6 1945
4 0 2 0 -4 0 4 4 1945
4 0 2 0 -3 2 20 18 1945
4 0 2 0 -2 6 28 22 1945
4 0 2 0 -1 16 43 27 1945
4 0 2 0 0 34 71 37 1945
4 0 2 0 1 23 44 21 1945
4 0 2 0 2 22 27 5 1945
4 0 2 0 3 16 19 3 1945
4 0 2 0 4 9 9 0 1945
4 0 2 0 5 7 7 0 1945
4 0 2 1 -9 0 1 1 1945
4 0 2 1 -8 0 1 1 1945
4 0 2 1 -7 0 2 2 1945
4 0 2 1 -6 0 2 2 1945
4 0 2 1 -5 1 4 3 1945
4 0 2 1 -4 0 6 6 1945
4 0 2 1 -3 1 15 14 1945
4 0 2 1 -2 6 24 18 1945
4 0 2 1 -1 9 26 17 1945
4 0 2 1 0 11 38 27 1945
4 0 2 1 1 18 27 9 1945
4 0 2 1 2 18 23 5 1945
4 0 2 1 3 8 10 2 1945
4 0 2 1 4 8 9 1 1945
4 0 2 1 5 6 7 1 1945
4 0 2 10 -12 0 1 1 1945
4 0 2 10 -8 0 2 2 1945
4 0 2 10 -5 0 3 3 1945
4 0 2 10 -4 0 3 3 1945
4 0 2 10 -3 1 9 8 1945
4 0 2 10 -2 1 8 7 1945
4 0 2 10 -1 4 13 9 1945
4 0 2 10 0 4 13 9 1945
4 0 2 10 1 5 11 6 1945
4 0 2 10 2 5 6 1 1945
4 0 2 10 3 6 8 2 1945
4 0 2 10 4 3 4 1 1945
4 0 2 10 5 1 1 0 1945
4 0 2 11 -9 0 1 1 1945
4 0 2 11 -8 0 1 1 1945
4 0 2 11 -5 0 1 1 1945
4 0 2 11 -4 0 2 2 1945
4 0 2 11 -3 0 6 6 1945
4 0 2 11 -2 2 13 11 1945
4 0 2 11 -1 2 12 10 1945
4 0 2 11 0 4 14 10 1945
4 0 2 11 1 5 7 2 1945
4 0 2 11 2 4 7 3 1945
4 0 2 11 3 2 2 0 1945
4 0 2 11 4 5 6 1 1945
4 0 2 11 5 4 5 1 1945
4 0 2 100 -7 0 1 1 1945
4 0 2 100 -6 0 1 1 1945
4 0 2 100 -4 0 1 1 1945
4 0 2 100 -3 0 1 1 1945
4 0 2 100 -2 0 4 4 1945
4 0 2 100 -1 1 2 1 1945
4 0 2 100 0 2 5 3 1945
4 0 2 100 1 3 6 3 1945
4 0 2 100 2 1 1 0 1945
4 0 2 100 3 3 3 0 1945
4 0 2 100 4 2 2 0 1945
4 0 2 100 6 1 1 0 1945
4 0 2 101 -8 0 1 1 1945
4 0 2 101 -6 0 1 1 1945
4 0 2 101 -5 0 3 3 1945
4 0 2 101 -4 0 1 1 1945
4 0 2 101 -3 0 3 3 1945
4 0 2 101 -2 0 2 2 1945
4 0 2 101 -1 3 8 5 1945
4 0 2 101 0 1 5 4 1945
4 0 2 101 1 2 5 3 1945
4 0 2 101 2 1 1 0 1945
4 0 2 101 3 1 2 1 1945
4 0 2 101 6 2 2 0 1945
4 0 2 110 -6 0 1 1 1945
4 0 2 110 -5 0 1 1 1945
4 0 2 110 -4 0 3 3 1945
4 0 2 110 -3 0 6 6 1945
4 0 2 110 -2 0 2 2 1945
4 0 2 110 -1 1 3 2 1945
4 0 2 110 0 2 7 5 1945
4 0 2 110 1 0 2 2 1945
4 0 2 110 3 1 2 1 1945
4 0 2 110 4 1 1 0 1945
4 0 2 110 5 1 1 0 1945
4 0 2 110 6 1 1 0 1945
4 0 2 111 -9 0 1 1 1945
4 0 2 111 -4 0 1 1 1945
4 0 2 111 -3 0 6 6 1945
4 0 2 111 -2 2 5 3 1945
4 0 2 111 -1 2 6 4 1945
4 0 2 111 0 0 3 3 1945
4 0 2 111 1 1 3 2 1945
4 0 2 111 2 1 2 1 1945
4 0 2 111 3 0 1 1 1945
4 0 2 111 4 0 2 2 1945
4 0 2 111 5 1 2 1 1945
4 1 0 0 -12 0 1 1 1945
4 1 0 0 -11 0 1 1 1945
4 1 0 0 -10 0 1 1 1945
4 1 0 0 -9 0 1 1 1945
4 1 0 0 -8 0 4 4 1945
4 1 0 0 -7 0 3 3 1945
4 1 0 0 -6 0 5 5 1945
4 1 0 0 -5 1 12 11 1945
4 1 0 0 -4 0 17 17 1945
4 1 0 0 -3 3 44 41 1945
4 1 0 0 -2 15 66 51 1945
4 1 0 0 -1 26 80 54 1945
4 1 0 0 0 48 112 64 1945
4 1 0 0 1 52 89 37 1945
4 1 0 0 2 41 51 10 1945
4 1 0 0 3 28 33 5 1945
4 1 0 0 4 12 14 2 1945
4 1 0 0 5 13 13 0 1945
4 1 0 0 6 3 3 0 1945
4 1 0 0 8 1 1 0 1945
4 1 0 0 9 1 1 0 1945
4 1 0 1 -10 0 1 1 1945
4 1 0 1 -9 0 1 1 1945
4 1 0 1 -8 0 1 1 1945
4 1 0 1 -6 0 1 1 1945
4 1 0 1 -5 1 4 3 1945
4 1 0 1 -4 0 7 7 1945
4 1 0 1 -3 2 19 17 1945
4 1 0 1 -2 5 13 8 1945
4 1 0 1 -1 9 24 15 1945
4 1 0 1 0 12 31 19 1945
4 1 0 1 1 19 28 9 1945
4 1 0 1 2 12 14 2 1945
4 1 0 1 3 7 9 2 1945
4 1 0 1 4 3 4 1 1945
4 1 0 1 5 3 3 0 1945
4 1 0 1 6 1 1 0 1945
4 1 0 10 -8 0 1 1 1945
4 1 0 10 -7 0 1 1 1945
4 1 0 10 -4 0 1 1 1945
4 1 0 10 -3 0 1 1 1945
4 1 0 10 -2 2 3 1 1945
4 1 0 10 -1 2 4 2 1945
4 1 0 10 0 5 6 1 1945
4 1 0 10 1 4 6 2 1945
4 1 0 10 2 2 3 1 1945
4 1 0 10 3 3 3 0 1945
4 1 0 10 5 1 1 0 1945
4 1 0 10 8 1 1 0 1945
4 1 0 10 9 1 1 0 1945
4 1 0 11 -5 0 2 2 1945
4 1 0 11 -4 0 2 2 1945
4 1 0 11 -3 1 6 5 1945
4 1 0 11 -2 2 5 3 1945
4 1 0 11 -1 6 14 8 1945
4 1 0 11 0 6 11 5 1945
4 1 0 11 1 7 8 1 1945
4 1 0 11 2 3 4 1 1945
4 1 0 11 3 5 5 0 1945
4 1 0 11 4 2 2 0 1945
4 1 0 11 5 2 2 0 1945
4 1 0 11 6 2 2 0 1945
4 1 0 100 -3 1 2 1 1945
4 1 0 100 -2 2 3 1 1945
4 1 0 100 -1 0 1 1 1945
4 1 0 100 0 2 2 0 1945
4 1 0 100 1 1 1 0 1945
4 1 0 100 2 1 2 1 1945
4 1 0 100 3 0 1 1 1945
4 1 0 100 4 2 2 0 1945
4 1 0 101 -9 0 1 1 1945
4 1 0 101 -4 0 1 1 1945
4 1 0 101 -3 1 2 1 1945
4 1 0 101 -2 1 1 0 1945
4 1 0 101 -1 2 3 1 1945
4 1 0 101 0 5 5 0 1945
4 1 0 101 1 3 3 0 1945
4 1 0 101 2 1 2 1 1945
4 1 0 101 3 1 2 1 1945
4 1 0 101 4 2 2 0 1945
4 1 0 101 9 1 1 0 1945
4 1 0 110 -5 1 1 0 1945
4 1 0 110 -2 0 1 1 1945
4 1 0 110 0 0 1 1 1945
4 1 0 110 1 1 1 0 1945
4 1 0 110 2 2 2 0 1945
4 1 0 110 5 0 1 1 1945
4 1 0 111 -4 0 1 1 1945
4 1 0 111 -3 0 2 2 1945
4 1 0 111 -2 0 1 1 1945
4 1 0 111 -1 2 5 3 1945
4 1 0 111 0 0 1 1 1945
4 1 0 111 1 1 1 0 1945
4 1 0 111 2 4 4 0 1945
4 1 0 111 3 1 2 1 1945
4 1 0 111 4 1 1 0 1945
4 1 0 111 5 0 1 1 1945
4 1 1 0 -12 0 1 1 1945
4 1 1 0 -11 0 1 1 1945
4 1 1 0 -8 0 2 2 1945
4 1 1 0 -7 0 2 2 1945
4 1 1 0 -6 0 4 4 1945
4 1 1 0 -5 0 7 7 1945
4 1 1 0 -4 0 11 11 1945
4 1 1 0 -3 1 26 25 1945
4 1 1 0 -2 7 48 41 1945
4 1 1 0 -1 18 54 36 1945
4 1 1 0 0 30 74 44 1945
4 1 1 0 1 30 58 28 1945
4 1 1 0 2 31 37 6 1945
4 1 1 0 3 22 25 3 1945
4 1 1 0 4 7 8 1 1945
4 1 1 0 5 10 10 0 1945
4 1 1 0 6 2 2 0 1945
4 1 1 0 8 1 1 0 1945
4 1 1 0 9 1 1 0 1945
4 1 1 1 -12 0 1 1 1945
4 1 1 1 -10 0 1 1 1945
4 1 1 1 -8 0 2 2 1945
4 1 1 1 -6 0 2 2 1945
4 1 1 1 -5 0 1 1 1945
4 1 1 1 -4 0 4 4 1945
4 1 1 1 -3 0 14 14 1945
4 1 1 1 -2 4 24 20 1945
4 1 1 1 -1 5 19 14 1945
4 1 1 1 0 9 32 23 1945
4 1 1 1 1 14 26 12 1945
4 1 1 1 2 18 21 3 1945
4 1 1 1 3 15 16 1 1945
4 1 1 1 4 8 8 0 1945
4 1 1 1 5 4 4 0 1945
4 1 1 1 6 4 4 0 1945
4 1 1 1 9 1 1 0 1945
4 1 1 1 10 1 1 0 1945
4 1 1 10 -8 0 1 1 1945
4 1 1 10 -7 0 1 1 1945
4 1 1 10 -5 0 1 1 1945
4 1 1 10 -3 0 2 2 1945
4 1 1 10 -2 0 5 5 1945
4 1 1 10 -1 0 8 8 1945
4 1 1 10 0 7 12 5 1945
4 1 1 10 1 11 14 3 1945
4 1 1 10 2 6 8 2 1945
4 1 1 10 3 3 3 0 1945
4 1 1 10 4 1 2 1 1945
4 1 1 10 5 5 5 0 1945
4 1 1 10 7 1 1 0 1945
4 1 1 10 10 1 1 0 1945
4 1 1 11 -8 0 2 2 1945
4 1 1 11 -7 0 1 1 1945
4 1 1 11 -6 0 1 1 1945
4 1 1 11 -5 0 1 1 1945
4 1 1 11 -4 0 3 3 1945
4 1 1 11 -3 0 2 2 1945
4 1 1 11 -2 1 5 4 1945
4 1 1 11 -1 5 12 7 1945
4 1 1 11 0 9 15 6 1945
4 1 1 11 1 9 11 2 1945
4 1 1 11 2 5 7 2 1945
4 1 1 11 3 8 9 1 1945
4 1 1 11 4 4 4 0 1945
4 1 1 11 5 1 1 0 1945
4 1 1 11 6 0 1 1 1945
4 1 1 100 -8 0 1 1 1945
4 1 1 100 -6 0 1 1 1945
4 1 1 100 -3 1 3 2 1945
4 1 1 100 -2 1 2 1 1945
4 1 1 100 -1 0 1 1 1945
4 1 1 100 0 3 7 4 1945
4 1 1 100 1 2 3 1 1945
4 1 1 100 2 4 4 0 1945
4 1 1 100 4 1 1 0 1945
4 1 1 100 6 1 1 0 1945
4 1 1 101 -6 0 1 1 1945
4 1 1 101 -4 0 1 1 1945
4 1 1 101 -3 0 3 3 1945
4 1 1 101 -2 1 3 2 1945
4 1 1 101 -1 2 3 1 1945
4 1 1 101 0 5 9 4 1945
4 1 1 101 1 7 10 3 1945
4 1 1 101 2 7 10 3 1945
4 1 1 101 3 2 2 0 1945
4 1 1 101 4 2 2 0 1945
4 1 1 101 6 2 2 0 1945
4 1 1 101 7 0 1 1 1945
4 1 1 110 -6 0 1 1 1945
4 1 1 110 -5 0 1 1 1945
4 1 1 110 -4 0 1 1 1945
4 1 1 110 -2 2 4 2 1945
4 1 1 110 -1 1 4 3 1945
4 1 1 110 0 2 5 3 1945
4 1 1 110 1 4 4 0 1945
4 1 1 110 3 4 4 0 1945
4 1 1 110 4 3 3 0 1945
4 1 1 110 6 1 1 0 1945
4 1 1 110 8 1 1 0 1945
4 1 1 111 -2 2 5 3 1945
4 1 1 111 -1 2 6 4 1945
4 1 1 111 0 3 4 1 1945
4 1 1 111 1 3 4 1 1945
4 1 1 111 2 1 2 1 1945
4 1 1 111 3 1 1 0 1945
4 1 1 111 4 2 2 0 1945
4 1 1 111 6 1 1 0 1945
4 1 2 0 -11 0 1 1 1945
4 1 2 0 -8 0 1 1 1945
4 1 2 0 -7 0 3 3 1945
4 1 2 0 -6 0 2 2 1945
4 1 2 0 -5 0 5 5 1945
4 1 2 0 -4 0 12 12 1945
4 1 2 0 -3 1 17 16 1945
4 1 2 0 -2 7 33 26 1945
4 1 2 0 -1 15 41 26 1945
4 1 2 0 0 21 51 30 1945
4 1 2 0 1 27 50 23 1945
4 1 2 0 2 17 23 6 1945
4 1 2 0 3 17 21 4 1945
4 1 2 0 4 3 4 1 1945
4 1 2 0 5 9 9 0 1945
4 1 2 0 6 1 1 0 1945
4 1 2 0 8 1 1 0 1945
4 1 2 0 13 1 1 0 1945
4 1 2 1 -12 0 1 1 1945
4 1 2 1 -10 0 1 1 1945
4 1 2 1 -8 0 1 1 1945
4 1 2 1 -7 0 1 1 1945
4 1 2 1 -6 0 1 1 1945
4 1 2 1 -5 0 2 2 1945
4 1 2 1 -4 0 5 5 1945
4 1 2 1 -3 1 14 13 1945
4 1 2 1 -2 3 19 16 1945
4 1 2 1 -1 6 22 16 1945
4 1 2 1 0 9 32 23 1945
4 1 2 1 1 14 28 14 1945
4 1 2 1 2 19 23 4 1945
4 1 2 1 3 10 12 2 1945
4 1 2 1 4 5 5 0 1945
4 1 2 1 5 8 8 0 1945
4 1 2 1 6 5 5 0 1945
4 1 2 1 10 2 2 0 1945
4 1 2 1 13 1 1 0 1945
4 1 2 10 -7 0 1 1 1945
4 1 2 10 -5 0 2 2 1945
4 1 2 10 -4 0 2 2 1945
4 1 2 10 -3 0 2 2 1945
4 1 2 10 -2 0 3 3 1945
4 1 2 10 -1 0 6 6 1945
4 1 2 10 0 7 20 13 1945
4 1 2 10 1 8 13 5 1945
4 1 2 10 2 7 8 1 1945
4 1 2 10 3 3 6 3 1945
4 1 2 10 4 2 3 1 1945
4 1 2 10 5 6 6 0 1945
4 1 2 10 7 1 1 0 1945
4 1 2 10 9 1 1 0 1945
4 1 2 10 10 1 1 0 1945
4 1 2 10 11 1 1 0 1945
4 1 2 11 -12 0 1 1 1945
4 1 2 11 -8 0 1 1 1945
4 1 2 11 -6 0 2 2 1945
4 1 2 11 -5 0 2 2 1945
4 1 2 11 -4 0 4 4 1945
4 1 2 11 -3 0 4 4 1945
4 1 2 11 -2 1 11 10 1945
4 1 2 11 -1 3 14 11 1945
4 1 2 11 0 9 17 8 1945
4 1 2 11 1 8 13 5 1945
4 1 2 11 2 9 11 2 1945
4 1 2 11 3 5 7 2 1945
4 1 2 11 4 5 6 1 1945
4 1 2 11 5 4 4 0 1945
4 1 2 11 6 2 2 0 1945
4 1 2 11 7 1 2 1 1945
4 1 2 11 9 1 1 0 1945
4 1 2 11 11 1 1 0 1945
4 1 2 100 -5 0 1 1 1945
4 1 2 100 -4 0 1 1 1945
4 1 2 100 -3 0 2 2 1945
4 1 2 100 -2 1 3 2 1945
4 1 2 100 -1 2 3 1 1945
4 1 2 100 0 1 4 3 1945
4 1 2 100 1 2 4 2 1945
4 1 2 100 2 7 8 1 1945
4 1 2 100 3 3 3 0 1945
4 1 2 100 4 2 2 0 1945
4 1 2 100 5 3 3 0 1945
4 1 2 100 6 1 1 0 1945
4 1 2 100 7 1 1 0 1945
4 1 2 100 8 1 1 0 1945
4 1 2 101 -5 0 1 1 1945
4 1 2 101 -4 0 1 1 1945
4 1 2 101 -3 0 3 3 1945
4 1 2 101 -2 0 1 1 1945
4 1 2 101 -1 1 5 4 1945
4 1 2 101 0 1 8 7 1945
4 1 2 101 1 6 8 2 1945
4 1 2 101 2 2 3 1 1945
4 1 2 101 3 7 7 0 1945
4 1 2 101 4 5 5 0 1945
4 1 2 101 5 2 2 0 1945
4 1 2 101 8 1 1 0 1945
4 1 2 110 -4 0 1 1 1945
4 1 2 110 -2 1 3 2 1945
4 1 2 110 0 1 2 1 1945
4 1 2 110 1 2 3 1 1945
4 1 2 110 2 1 3 2 1945
4 1 2 110 3 3 3 0 1945
4 1 2 110 4 1 1 0 1945
4 1 2 110 5 1 1 0 1945
4 1 2 110 8 1 1 0 1945
4 1 2 110 9 1 1 0 1945
4 1 2 110 10 1 1 0 1945
4 1 2 111 -4 0 1 1 1945
4 1 2 111 -3 0 2 2 1945
4 1 2 111 -2 0 1 1 1945
4 1 2 111 -1 1 3 2 1945
4 1 2 111 0 3 3 0 1945
4 1 2 111 1 3 4 1 1945
4 1 2 111 2 6 7 1 1945
4 1 2 111 3 1 1 0 1945
4 1 2 111 4 2 2 0 1945
4 1 2 111 5 1 1 0 1945
5 0 0 0 -12 0 1 1 1945
5 0 0 0 -11 0 1 1 1945
5 0 0 0 -10 0 1 1 1945
5 0 0 0 -8 0 3 3 1945
5 0 0 0 -7 0 4 4 1945
5 0 0 0 -6 0 4 4 1945
5 0 0 0 -5 0 6 6 1945
5 0 0 0 -4 0 20 20 1945
5 0 0 0 -3 1 35 34 1945
5 0 0 0 -2 10 55 45 1945
5 0 0 0 -1 16 69 53 1945
5 0 0 0 0 31 101 70 1945
5 0 0 0 1 48 85 37 1945
5 0 0 0 2 51 64 13 1945
5 0 0 0 3 34 43 9 1945
5 0 0 0 4 14 17 3 1945
5 0 0 0 5 22 22 0 1945
5 0 0 0 6 7 7 0 1945
5 0 0 0 7 1 2 1 1945
5 0 0 0 8 2 2 0 1945
5 0 0 0 9 1 1 0 1945
5 0 0 0 10 1 1 0 1945
5 0 0 0 11 1 1 0 1945
5 0 0 0 13 1 1 0 1945
5 0 0 1 -12 0 1 1 1945
5 0 0 1 -8 0 2 2 1945
5 0 0 1 -7 0 1 1 1945
5 0 0 1 -6 0 1 1 1945
5 0 0 1 -5 0 1 1 1945
5 0 0 1 -4 0 7 7 1945
5 0 0 1 -3 0 10 10 1945
5 0 0 1 -2 1 15 14 1945
5 0 0 1 -1 5 18 13 1945
5 0 0 1 0 10 31 21 1945
5 0 0 1 1 12 23 11 1945
5 0 0 1 2 12 15 3 1945
5 0 0 1 3 8 11 3 1945
5 0 0 1 4 2 4 2 1945
5 0 0 1 5 7 7 0 1945
5 0 0 1 6 2 2 0 1945
5 0 0 1 7 0 1 1 1945
5 0 0 1 10 1 1 0 1945
5 0 0 10 -3 0 1 1 1945
5 0 0 10 -2 0 4 4 1945
5 0 0 10 -1 0 5 5 1945
5 0 0 10 0 2 5 3 1945
5 0 0 10 1 0 3 3 1945
5 0 0 10 2 0 1 1 1945
5 0 0 10 3 1 2 1 1945
5 0 0 10 5 1 1 0 1945
5 0 0 10 6 1 1 0 1945
5 0 0 10 7 1 1 0 1945
5 0 0 11 -12 0 1 1 1945
5 0 0 11 -7 0 1 1 1945
5 0 0 11 -6 0 1 1 1945
5 0 0 11 -5 0 2 2 1945
5 0 0 11 -3 0 2 2 1945
5 0 0 11 -2 0 2 2 1945
5 0 0 11 -1 1 6 5 1945
5 0 0 11 0 0 6 6 1945
5 0 0 11 1 1 4 3 1945
5 0 0 11 2 3 6 3 1945
5 0 0 11 3 2 5 3 1945
5 0 0 11 4 0 1 1 1945
5 0 0 11 5 1 1 0 1945
5 0 0 100 -8 0 1 1 1945
5 0 0 100 -4 0 1 1 1945
5 0 0 100 -3 0 1 1 1945
5 0 0 100 -2 0 3 3 1945
5 0 0 100 -1 0 1 1 1945
5 0 0 100 0 1 2 1 1945
5 0 0 100 1 0 2 2 1945
5 0 0 100 9 1 1 0 1945
5 0 0 101 -4 0 1 1 1945
5 0 0 101 -3 0 2 2 1945
5 0 0 101 -2 0 4 4 1945
5 0 0 101 0 1 3 2 1945
5 0 0 101 1 0 3 3 1945
5 0 0 101 2 1 2 1 1945
5 0 0 110 -6 0 1 1 1945
5 0 0 110 -1 0 1 1 1945
5 0 0 110 0 0 3 3 1945
5 0 0 111 -5 0 1 1 1945
5 0 0 111 -4 0 1 1 1945
5 0 0 111 -3 0 2 2 1945
5 0 0 111 -2 0 1 1 1945
5 0 0 111 -1 0 4 4 1945
5 0 0 111 0 0 2 2 1945
5 0 0 111 1 0 2 2 1945
5 0 0 111 2 1 3 2 1945
5 0 1 0 -11 0 1 1 1945
5 0 1 0 -10 0 1 1 1945
5 0 1 0 -9 0 2 2 1945
5 0 1 0 -7 0 3 3 1945
5 0 1 0 -6 0 5 5 1945
5 0 1 0 -5 0 7 7 1945
5 0 1 0 -4 0 15 15 1945
5 0 1 0 -3 2 25 23 1945
5 0 1 0 -2 9 36 27 1945
5 0 1 0 -1 12 51 39 1945
5 0 1 0 0 20 67 47 1945
5 0 1 0 1 36 57 21 1945
5 0 1 0 2 40 49 9 1945
5 0 1 0 3 26 31 5 1945
5 0 1 0 4 12 14 2 1945
5 0 1 0 5 15 15 0 1945
5 0 1 0 6 4 4 0 1945
5 0 1 0 8 3 3 0 1945
5 0 1 0 9 1 1 0 1945
5 0 1 0 11 1 1 0 1945
5 0 1 0 13 1 1 0 1945
5 0 1 1 -9 0 1 1 1945
5 0 1 1 -8 0 2 2 1945
5 0 1 1 -7 0 2 2 1945
5 0 1 1 -6 0 1 1 1945
5 0 1 1 -5 0 4 4 1945
5 0 1 1 -4 0 11 11 1945
5 0 1 1 -3 1 19 18 1945
5 0 1 1 -2 2 14 12 1945
5 0 1 1 -1 9 31 22 1945
5 0 1 1 0 12 35 23 1945
5 0 1 1 1 15 26 11 1945
5 0 1 1 2 17 20 3 1945
5 0 1 1 3 9 10 1 1945
5 0 1 1 4 5 7 2 1945
5 0 1 1 5 9 9 0 1945
5 0 1 1 6 1 1 0 1945
5 0 1 1 7 0 1 1 1945
5 0 1 1 13 1 1 0 1945
5 0 1 10 -8 0 1 1 1945
5 0 1 10 -6 0 1 1 1945
5 0 1 10 -5 0 1 1 1945
5 0 1 10 -4 0 5 5 1945
5 0 1 10 -3 0 5 5 1945
5 0 1 10 -2 1 11 10 1945
5 0 1 10 -1 5 15 10 1945
5 0 1 10 0 4 13 9 1945
5 0 1 10 1 6 9 3 1945
5 0 1 10 2 6 7 1 1945
5 0 1 10 3 2 3 1 1945
5 0 1 10 4 1 1 0 1945
5 0 1 10 5 1 1 0 1945
5 0 1 10 6 2 2 0 1945
5 0 1 10 7 1 1 0 1945
5 0 1 11 -9 0 1 1 1945
5 0 1 11 -8 0 1 1 1945
5 0 1 11 -7 0 2 2 1945
5 0 1 11 -5 0 4 4 1945
5 0 1 11 -4 0 5 5 1945
5 0 1 11 -3 0 8 8 1945
5 0 1 11 -2 2 12 10 1945
5 0 1 11 -1 4 12 8 1945
5 0 1 11 0 2 6 4 1945
5 0 1 11 1 5 6 1 1945
5 0 1 11 2 2 2 0 1945
5 0 1 11 3 2 3 1 1945
5 0 1 11 4 0 1 1 1945
5 0 1 11 5 3 3 0 1945
5 0 1 11 7 0 1 1 1945
5 0 1 11 13 1 1 0 1945
5 0 1 100 -5 0 2 2 1945
5 0 1 100 -3 0 2 2 1945
5 0 1 100 -2 0 5 5 1945
5 0 1 100 -1 0 5 5 1945
5 0 1 100 0 1 4 3 1945
5 0 1 100 1 0 4 4 1945
5 0 1 100 4 1 1 0 1945
5 0 1 100 6 1 1 0 1945
5 0 1 101 -8 0 1 1 1945
5 0 1 101 -6 0 1 1 1945
5 0 1 101 -5 0 1 1 1945
5 0 1 101 -4 0 1 1 1945
5 0 1 101 -3 0 3 3 1945
5 0 1 101 -2 0 2 2 1945
5 0 1 101 -1 0 2 2 1945
5 0 1 101 0 1 6 5 1945
5 0 1 101 1 2 5 3 1945
5 0 1 101 2 4 4 0 1945
5 0 1 101 6 1 1 0 1945
5 0 1 110 -7 0 1 1 1945
5 0 1 110 -6 0 1 1 1945
5 0 1 110 -5 0 1 1 1945
5 0 1 110 -3 1 2 1 1945
5 0 1 110 -2 0 3 3 1945
5 0 1 110 -1 2 4 2 1945
5 0 1 110 0 0 5 5 1945
5 0 1 110 1 1 1 0 1945
5 0 1 110 2 1 1 0 1945
5 0 1 110 3 0 1 1 1945
5 0 1 110 4 1 1 0 1945
5 0 1 111 -5 0 2 2 1945
5 0 1 111 -3 0 3 3 1945
5 0 1 111 -2 0 6 6 1945
5 0 1 111 -1 1 6 5 1945
5 0 1 111 0 0 5 5 1945
5 0 1 111 1 2 3 1 1945
5 0 1 111 2 1 4 3 1945
5 0 1 111 3 0 2 2 1945
5 0 1 111 4 1 1 0 1945
5 0 1 111 5 2 2 0 1945
5 0 2 0 -11 0 1 1 1945
5 0 2 0 -10 0 1 1 1945
5 0 2 0 -9 0 1 1 1945
5 0 2 0 -8 0 1 1 1945
5 0 2 0 -7 0 2 2 1945
5 0 2 0 -6 0 6 6 1945
5 0 2 0 -5 0 3 3 1945
5 0 2 0 -4 0 9 9 1945
5 0 2 0 -3 1 18 17 1945
5 0 2 0 -2 9 33 24 1945
5 0 2 0 -1 4 25 21 1945
5 0 2 0 0 15 47 32 1945
5 0 2 0 1 27 44 17 1945
5 0 2 0 2 30 37 7 1945
5 0 2 0 3 23 27 4 1945
5 0 2 0 4 5 6 1 1945
5 0 2 0 5 13 13 0 1945
5 0 2 0 6 3 3 0 1945
5 0 2 0 8 3 3 0 1945
5 0 2 0 9 1 1 0 1945
5 0 2 0 11 1 1 0 1945
5 0 2 1 -11 0 1 1 1945
5 0 2 1 -8 0 2 2 1945
5 0 2 1 -7 0 2 2 1945
5 0 2 1 -6 0 2 2 1945
5 0 2 1 -5 0 2 2 1945
5 0 2 1 -4 0 10 10 1945
5 0 2 1 -3 1 12 11 1945
5 0 2 1 -2 2 14 12 1945
5 0 2 1 -1 4 18 14 1945
5 0 2 1 0 12 37 25 1945
5 0 2 1 1 14 22 8 1945
5 0 2 1 2 10 14 4 1945
5 0 2 1 3 13 16 3 1945
5 0 2 1 4 3 5 2 1945
5 0 2 1 5 8 8 0 1945
5 0 2 1 6 1 1 0 1945
5 0 2 1 8 1 1 0 1945
5 0 2 1 11 1 1 0 1945
5 0 2 10 -12 0 1 1 1945
5 0 2 10 -11 0 1 1 1945
5 0 2 10 -7 0 2 2 1945
5 0 2 10 -6 0 3 3 1945
5 0 2 10 -5 0 4 4 1945
5 0 2 10 -4 0 6 6 1945
5 0 2 10 -3 0 9 9 1945
5 0 2 10 -2 1 13 12 1945
5 0 2 10 -1 5 15 10 1945
5 0 2 10 0 5 12 7 1945
5 0 2 10 1 6 8 2 1945
5 0 2 10 2 5 7 2 1945
5 0 2 10 3 4 5 1 1945
5 0 2 10 4 1 1 0 1945
5 0 2 10 5 3 3 0 1945
5 0 2 10 7 1 1 0 1945
5 0 2 11 -9 0 1 1 1945
5 0 2 11 -8 0 1 1 1945
5 0 2 11 -6 0 3 3 1945
5 0 2 11 -5 0 3 3 1945
5 0 2 11 -4 0 5 5 1945
5 0 2 11 -3 0 6 6 1945
5 0 2 11 -2 2 13 11 1945
5 0 2 11 -1 3 10 7 1945
5 0 2 11 0 4 16 12 1945
5 0 2 11 1 7 9 2 1945
5 0 2 11 2 5 6 1 1945
5 0 2 11 3 7 8 1 1945
5 0 2 11 4 0 1 1 1945
5 0 2 11 5 4 4 0 1945
5 0 2 100 -6 0 2 2 1945
5 0 2 100 -5 0 3 3 1945
5 0 2 100 -4 0 3 3 1945
5 0 2 100 -3 0 2 2 1945
5 0 2 100 -2 0 3 3 1945
5 0 2 100 -1 0 8 8 1945
5 0 2 100 0 4 6 2 1945
5 0 2 100 1 2 4 2 1945
5 0 2 100 2 0 1 1 1945
5 0 2 100 3 1 2 1 1945
5 0 2 100 4 1 1 0 1945
5 0 2 101 -10 0 1 1 1945
5 0 2 101 -8 0 1 1 1945
5 0 2 101 -7 0 2 2 1945
5 0 2 101 -5 0 1 1 1945
5 0 2 101 -4 0 6 6 1945
5 0 2 101 -3 1 7 6 1945
5 0 2 101 -2 0 3 3 1945
5 0 2 101 -1 0 2 2 1945
5 0 2 101 0 4 6 2 1945
5 0 2 101 1 2 4 2 1945
5 0 2 101 2 2 3 1 1945
5 0 2 101 3 1 1 0 1945
5 0 2 101 4 2 2 0 1945
5 0 2 101 5 1 1 0 1945
5 0 2 101 6 1 1 0 1945
5 0 2 110 -8 0 1 1 1945
5 0 2 110 -7 0 1 1 1945
5 0 2 110 -6 0 1 1 1945
5 0 2 110 -4 0 2 2 1945
5 0 2 110 -2 0 1 1 1945
5 0 2 110 -1 1 3 2 1945
5 0 2 110 1 1 2 1 1945
5 0 2 110 4 1 1 0 1945
5 0 2 110 8 1 1 0 1945
5 0 2 111 -8 0 1 1 1945
5 0 2 111 -5 0 1 1 1945
5 0 2 111 -4 0 1 1 1945
5 0 2 111 -3 0 1 1 1945
5 0 2 111 -2 0 5 5 1945
5 0 2 111 -1 1 2 1 1945
5 0 2 111 0 1 3 2 1945
5 0 2 111 1 2 2 0 1945
5 0 2 111 2 0 2 2 1945
5 0 2 111 3 1 1 0 1945
5 0 2 111 4 1 1 0 1945
5 0 2 111 8 1 1 0 1945
5 1 0 0 -12 0 1 1 1945
5 1 0 0 -11 0 1 1 1945
5 1 0 0 -10 0 2 2 1945
5 1 0 0 -9 0 2 2 1945
5 1 0 0 -8 0 6 6 1945
5 1 0 0 -7 0 5 5 1945
5 1 0 0 -6 0 11 11 1945
5 1 0 0 -5 0 11 11 1945
5 1 0 0 -4 0 31 31 1945
5 1 0 0 -3 3 40 37 1945
5 1 0 0 -2 11 55 44 1945
5 1 0 0 -1 18 66 48 1945
5 1 0 0 0 33 99 66 1945
5 1 0 0 1 50 71 21 1945
5 1 0 0 2 50 62 12 1945
5 1 0 0 3 35 39 4 1945
5 1 0 0 4 11 14 3 1945
5 1 0 0 5 23 23 0 1945
5 1 0 0 6 6 6 0 1945
5 1 0 0 7 1 1 0 1945
5 1 0 0 8 3 3 0 1945
5 1 0 0 9 1 1 0 1945
5 1 0 0 11 1 1 0 1945
5 1 0 0 13 1 1 0 1945
5 1 0 1 -9 0 2 2 1945
5 1 0 1 -8 0 3 3 1945
5 1 0 1 -6 0 3 3 1945
5 1 0 1 -5 0 5 5 1945
5 1 0 1 -4 0 4 4 1945
5 1 0 1 -3 2 10 8 1945
5 1 0 1 -2 5 14 9 1945
5 1 0 1 -1 8 19 11 1945
5 1 0 1 0 12 27 15 1945
5 1 0 1 1 15 21 6 1945
5 1 0 1 2 13 16 3 1945
5 1 0 1 3 8 9 1 1945
5 1 0 1 4 2 3 1 1945
5 1 0 1 5 4 4 0 1945
5 1 0 1 6 4 4 0 1945
5 1 0 1 8 1 1 0 1945
5 1 0 10 -8 0 1 1 1945
5 1 0 10 -7 0 1 1 1945
5 1 0 10 -5 0 1 1 1945
5 1 0 10 -4 0 2 2 1945
5 1 0 10 -3 1 1 0 1945
5 1 0 10 -2 1 2 1 1945
5 1 0 10 -1 1 5 4 1945
5 1 0 10 0 3 3 0 1945
5 1 0 10 1 3 4 1 1945
5 1 0 10 2 7 7 0 1945
5 1 0 10 3 2 2 0 1945
5 1 0 10 6 1 1 0 1945
5 1 0 11 -8 0 2 2 1945
5 1 0 11 -6 0 1 1 1945
5 1 0 11 -5 0 2 2 1945
5 1 0 11 -3 1 3 2 1945
5 1 0 11 -2 2 4 2 1945
5 1 0 11 -1 4 8 4 1945
5 1 0 11 0 3 4 1 1945
5 1 0 11 1 2 3 1 1945
5 1 0 11 2 4 4 0 1945
5 1 0 11 3 2 2 0 1945
5 1 0 11 4 2 2 0 1945
5 1 0 11 5 1 1 0 1945
5 1 0 11 8 1 1 0 1945
5 1 0 100 -8 0 1 1 1945
5 1 0 100 -4 0 1 1 1945
5 1 0 100 -1 1 1 0 1945
5 1 0 100 0 0 1 1 1945
5 1 0 100 1 1 1 0 1945
5 1 0 100 2 1 1 0 1945
5 1 0 100 5 2 2 0 1945
5 1 0 101 -5 0 1 1 1945
5 1 0 101 -2 0 1 1 1945
5 1 0 101 1 3 4 1 1945
5 1 0 101 2 2 3 1 1945
5 1 0 101 3 2 3 1 1945
5 1 0 101 5 1 1 0 1945
5 1 0 110 -9 0 1 1 1945
5 1 0 110 -3 0 1 1 1945
5 1 0 110 -2 1 2 1 1945
5 1 0 110 -1 1 1 0 1945
5 1 0 110 0 1 1 0 1945
5 1 0 110 2 2 2 0 1945
5 1 0 111 -3 1 1 0 1945
5 1 0 111 -1 3 3 0 1945
5 1 0 111 0 2 2 0 1945
5 1 0 111 1 1 1 0 1945
5 1 0 111 2 3 3 0 1945
5 1 0 111 3 1 1 0 1945
5 1 0 111 8 1 1 0 1945
5 1 1 0 -12 0 1 1 1945
5 1 1 0 -11 0 1 1 1945
5 1 1 0 -10 0 2 2 1945
5 1 1 0 -8 0 1 1 1945
5 1 1 0 -7 0 5 5 1945
5 1 1 0 -6 0 8 8 1945
5 1 1 0 -5 0 5 5 1945
5 1 1 0 -4 0 23 23 1945
5 1 1 0 -3 0 28 28 1945
5 1 1 0 -2 5 39 34 1945
5 1 1 0 -1 9 41 32 1945
5 1 1 0 0 18 70 52 1945
5 1 1 0 1 34 49 15 1945
5 1 1 0 2 34 43 9 1945
5 1 1 0 3 29 32 3 1945
5 1 1 0 4 7 9 2 1945
5 1 1 0 5 16 16 0 1945
5 1 1 0 6 4 4 0 1945
5 1 1 0 7 1 1 0 1945
5 1 1 0 8 2 2 0 1945
5 1 1 0 9 1 1 0 1945
5 1 1 0 10 1 1 0 1945
5 1 1 0 11 1 1 0 1945
5 1 1 0 13 1 1 0 1945
5 1 1 1 -12 0 1 1 1945
5 1 1 1 -10 0 2 2 1945
5 1 1 1 -9 0 1 1 1945
5 1 1 1 -8 0 1 1 1945
5 1 1 1 -7 0 3 3 1945
5 1 1 1 -6 0 5 5 1945
5 1 1 1 -5 0 4 4 1945
5 1 1 1 -4 0 9 9 1945
5 1 1 1 -3 1 10 9 1945
5 1 1 1 -2 3 15 12 1945
5 1 1 1 -1 9 26 17 1945
5 1 1 1 0 11 35 24 1945
5 1 1 1 1 11 15 4 1945
5 1 1 1 2 11 14 3 1945
5 1 1 1 3 10 12 2 1945
5 1 1 1 4 4 5 1 1945
5 1 1 1 5 8 8 0 1945
5 1 1 1 6 4 4 0 1945
5 1 1 1 7 1 1 0 1945
5 1 1 1 10 1 1 0 1945
5 1 1 1 11 1 1 0 1945
5 1 1 10 -5 0 2 2 1945
5 1 1 10 -4 0 4 4 1945
5 1 1 10 -3 1 3 2 1945
5 1 1 10 -2 1 7 6 1945
5 1 1 10 -1 1 10 9 1945
5 1 1 10 0 3 6 3 1945
5 1 1 10 1 2 6 4 1945
5 1 1 10 2 12 15 3 1945
5 1 1 10 3 7 7 0 1945
5 1 1 10 4 3 4 1 1945
5 1 1 10 5 5 5 0 1945
5 1 1 10 6 2 2 0 1945
5 1 1 10 7 1 1 0 1945
5 1 1 10 8 1 1 0 1945
5 1 1 11 -10 0 1 1 1945
5 1 1 11 -8 0 2 2 1945
5 1 1 11 -7 0 1 1 1945
5 1 1 11 -6 0 1 1 1945
5 1 1 11 -5 0 2 2 1945
5 1 1 11 -4 0 5 5 1945
5 1 1 11 -3 0 5 5 1945
5 1 1 11 -2 1 4 3 1945
5 1 1 11 -1 4 5 1 1945
5 1 1 11 0 9 11 2 1945
5 1 1 11 1 8 9 1 1945
5 1 1 11 2 5 5 0 1945
5 1 1 11 3 6 9 3 1945
5 1 1 11 4 2 2 0 1945
5 1 1 11 5 3 3 0 1945
5 1 1 11 9 1 1 0 1945
5 1 1 11 11 1 1 0 1945
5 1 1 100 -8 0 1 1 1945
5 1 1 100 -7 0 1 1 1945
5 1 1 100 -4 0 2 2 1945
5 1 1 100 -3 0 2 2 1945
5 1 1 100 -2 1 2 1 1945
5 1 1 100 -1 1 3 2 1945
5 1 1 100 0 5 7 2 1945
5 1 1 100 1 4 4 0 1945
5 1 1 100 2 3 3 0 1945
5 1 1 100 3 2 2 0 1945
5 1 1 100 5 1 1 0 1945
5 1 1 100 7 1 1 0 1945
5 1 1 101 -6 0 1 1 1945
5 1 1 101 -3 1 1 0 1945
5 1 1 101 -2 1 1 0 1945
5 1 1 101 -1 2 3 1 1945
5 1 1 101 0 4 5 1 1945
5 1 1 101 1 2 4 2 1945
5 1 1 101 2 8 9 1 1945
5 1 1 101 3 1 1 0 1945
5 1 1 101 5 2 2 0 1945
5 1 1 110 -9 0 1 1 1945
5 1 1 110 -5 0 2 2 1945
5 1 1 110 -4 0 1 1 1945
5 1 1 110 -2 0 2 2 1945
5 1 1 110 -1 0 2 2 1945
5 1 1 110 0 3 4 1 1945
5 1 1 110 1 4 6 2 1945
5 1 1 110 2 1 1 0 1945
5 1 1 110 3 4 4 0 1945
5 1 1 110 4 1 1 0 1945
5 1 1 110 5 2 2 0 1945
5 1 1 110 6 1 1 0 1945
5 1 1 111 -7 0 1 1 1945
5 1 1 111 -4 0 2 2 1945
5 1 1 111 -2 1 3 2 1945
5 1 1 111 -1 2 4 2 1945
5 1 1 111 0 5 5 0 1945
5 1 1 111 1 2 2 0 1945
5 1 1 111 2 4 4 0 1945
5 1 1 111 3 0 1 1 1945
5 1 1 111 4 1 1 0 1945
5 1 1 111 5 3 3 0 1945
5 1 2 0 -11 0 1 1 1945
5 1 2 0 -8 0 1 1 1945
5 1 2 0 -7 0 3 3 1945
5 1 2 0 -6 0 7 7 1945
5 1 2 0 -5 0 3 3 1945
5 1 2 0 -4 0 16 16 1945
5 1 2 0 -3 0 23 23 1945
5 1 2 0 -2 4 31 27 1945
5 1 2 0 -1 5 28 23 1945
5 1 2 0 0 11 55 44 1945
5 1 2 0 1 30 45 15 1945
5 1 2 0 2 29 36 7 1945
5 1 2 0 3 26 29 3 1945
5 1 2 0 4 10 12 2 1945
5 1 2 0 5 10 10 0 1945
5 1 2 0 6 6 6 0 1945
5 1 2 0 7 1 1 0 1945
5 1 2 0 8 1 1 0 1945
5 1 2 0 11 1 1 0 1945
5 1 2 0 13 1 1 0 1945
5 1 2 1 -12 0 1 1 1945
5 1 2 1 -10 0 1 1 1945
5 1 2 1 -9 0 1 1 1945
5 1 2 1 -8 0 1 1 1945
5 1 2 1 -7 0 4 4 1945
5 1 2 1 -6 0 5 5 1945
5 1 2 1 -5 0 4 4 1945
5 1 2 1 -4 0 7 7 1945
5 1 2 1 -3 0 11 11 1945
5 1 2 1 -2 4 18 14 1945
5 1 2 1 -1 8 25 17 1945
5 1 2 1 0 10 29 19 1945
5 1 2 1 1 7 12 5 1945
5 1 2 1 2 14 21 7 1945
5 1 2 1 3 11 15 4 1945
5 1 2 1 4 4 6 2 1945
5 1 2 1 5 7 7 0 1945
5 1 2 1 6 4 4 0 1945
5 1 2 1 7 1 1 0 1945
5 1 2 1 8 1 1 0 1945
5 1 2 1 9 2 2 0 1945
5 1 2 1 10 1 1 0 1945
5 1 2 10 -5 0 6 6 1945
5 1 2 10 -4 0 3 3 1945
5 1 2 10 -3 0 4 4 1945
5 1 2 10 -2 1 5 4 1945
5 1 2 10 -1 1 12 11 1945
5 1 2 10 0 3 15 12 1945
5 1 2 10 1 8 10 2 1945
5 1 2 10 2 13 14 1 1945
5 1 2 10 3 7 8 1 1945
5 1 2 10 4 5 6 1 1945
5 1 2 10 5 2 2 0 1945
5 1 2 10 6 3 3 0 1945
5 1 2 10 7 5 5 0 1945
5 1 2 10 8 2 2 0 1945
5 1 2 11 -10 0 1 1 1945
5 1 2 11 -8 0 1 1 1945
5 1 2 11 -6 0 2 2 1945
5 1 2 11 -5 0 3 3 1945
5 1 2 11 -4 0 4 4 1945
5 1 2 11 -3 0 6 6 1945
5 1 2 11 -2 2 9 7 1945
5 1 2 11 -1 2 8 6 1945
5 1 2 11 0 6 11 5 1945
5 1 2 11 1 5 6 1 1945
5 1 2 11 2 8 10 2 1945
5 1 2 11 3 8 9 1 1945
5 1 2 11 4 5 6 1 1945
5 1 2 11 5 2 2 0 1945
5 1 2 11 6 1 1 0 1945
5 1 2 11 7 2 2 0 1945
5 1 2 11 8 2 2 0 1945
5 1 2 11 9 1 1 0 1945
5 1 2 11 10 1 1 0 1945
5 1 2 11 11 1 1 0 1945
5 1 2 100 -8 0 1 1 1945
5 1 2 100 -4 0 2 2 1945
5 1 2 100 -2 0 1 1 1945
5 1 2 100 -1 0 5 5 1945
5 1 2 100 0 2 4 2 1945
5 1 2 100 1 1 2 1 1945
5 1 2 100 2 2 3 1 1945
5 1 2 100 3 1 1 0 1945
5 1 2 100 4 3 4 1 1945
5 1 2 100 5 3 4 1 1945
5 1 2 100 7 2 2 0 1945
5 1 2 101 -7 0 1 1 1945
5 1 2 101 -5 0 1 1 1945
5 1 2 101 -3 1 2 1 1945
5 1 2 101 -1 1 3 2 1945
5 1 2 101 0 4 7 3 1945
5 1 2 101 1 1 5 4 1945
5 1 2 101 2 1 1 0 1945
5 1 2 101 3 1 2 1 1945
5 1 2 101 4 1 2 1 1945
5 1 2 101 6 1 1 0 1945
5 1 2 101 7 1 1 0 1945
5 1 2 110 -9 0 1 1 1945
5 1 2 110 -8 0 1 1 1945
5 1 2 110 -7 0 1 1 1945
5 1 2 110 -6 0 1 1 1945
5 1 2 110 -5 0 1 1 1945
5 1 2 110 -4 0 2 2 1945
5 1 2 110 -2 1 2 1 1945
5 1 2 110 -1 0 3 3 1945
5 1 2 110 0 2 2 0 1945
5 1 2 110 1 1 2 1 1945
5 1 2 110 2 3 3 0 1945
5 1 2 110 3 3 3 0 1945
5 1 2 110 4 1 2 1 1945
5 1 2 110 5 2 2 0 1945
5 1 2 110 6 1 1 0 1945
5 1 2 110 8 1 1 0 1945
5 1 2 111 -6 0 1 1 1945
5 1 2 111 -5 0 2 2 1945
5 1 2 111 -4 0 3 3 1945
5 1 2 111 -2 0 2 2 1945
5 1 2 111 -1 0 4 4 1945
5 1 2 111 0 5 8 3 1945
5 1 2 111 1 2 4 2 1945
5 1 2 111 2 5 5 0 1945
5 1 2 111 3 3 3 0 1945
5 1 2 111 4 2 3 1 1945
5 1 2 111 5 2 2 0 1945
5 1 2 111 6 1 1 0 1945
5 1 2 111 8 1 1 0 1945
6 0 0 0 -12 0 1 1 1945
6 0 0 0 -11 0 1 1 1945
6 0 0 0 -10 0 1 1 1945
6 0 0 0 -9 0 2 2 1945
6 0 0 0 -8 0 4 4 1945
6 0 0 0 -7 0 4 4 1945
6 0 0 0 -6 0 8 8 1945
6 0 0 0 -5 0 13 13 1945
6 0 0 0 -4 0 26 26 1945
6 0 0 0 -3 0 39 39 1945
6 0 0 0 -2 8 51 43 1945
6 0 0 0 -1 11 53 42 1945
6 0 0 0 0 23 101 78 1945
6 0 0 0 1 41 61 20 1945
6 0 0 0 2 48 60 12 1945
6 0 0 0 3 40 47 7 1945
6 0 0 0 4 20 26 6 1945
6 0 0 0 5 18 19 1 1945
6 0 0 0 6 16 16 0 1945
6 0 0 0 7 6 6 0 1945
6 0 0 0 8 4 4 0 1945
6 0 0 0 9 2 2 0 1945
6 0 0 0 10 1 1 0 1945
6 0 0 0 11 2 2 0 1945
6 0 0 0 13 1 1 0 1945
6 0 0 1 -9 0 2 2 1945
6 0 0 1 -8 0 3 3 1945
6 0 0 1 -7 0 1 1 1945
6 0 0 1 -6 0 2 2 1945
6 0 0 1 -5 0 3 3 1945
6 0 0 1 -4 0 9 9 1945
6 0 0 1 -3 1 15 14 1945
6 0 0 1 -2 4 14 10 1945
6 0 0 1 -1 3 13 10 1945
6 0 0 1 0 5 28 23 1945
6 0 0 1 1 6 16 10 1945
6 0 0 1 2 15 20 5 1945
6 0 0 1 3 12 15 3 1945
6 0 0 1 4 5 9 4 1945
6 0 0 1 5 4 4 0 1945
6 0 0 1 6 1 1 0 1945
6 0 0 1 7 3 3 0 1945
6 0 0 1 8 1 1 0 1945
6 0 0 1 13 1 1 0 1945
6 0 0 10 -11 0 1 1 1945
6 0 0 10 -10 0 1 1 1945
6 0 0 10 -9 0 1 1 1945
6 0 0 10 -8 0 1 1 1945
6 0 0 10 -6 0 1 1 1945
6 0 0 10 -4 0 1 1 1945
6 0 0 10 -3 0 2 2 1945
6 0 0 10 -2 1 5 4 1945
6 0 0 10 -1 1 5 4 1945
6 0 0 10 0 1 7 6 1945
6 0 0 10 1 1 4 3 1945
6 0 0 10 2 1 1 0 1945
6 0 0 10 3 1 2 1 1945
6 0 0 10 4 1 2 1 1945
6 0 0 10 6 1 1 0 1945
6 0 0 11 -7 0 1 1 1945
6 0 0 11 -4 0 2 2 1945
6 0 0 11 -3 0 1 1 1945
6 0 0 11 -2 3 6 3 1945
6 0 0 11 -1 1 4 3 1945
6 0 0 11 0 1 2 1 1945
6 0 0 11 1 0 1 1 1945
6 0 0 11 2 4 4 0 1945
6 0 0 11 3 3 4 1 1945
6 0 0 11 4 1 2 1 1945
6 0 0 11 7 1 1 0 1945
6 0 0 100 -5 0 1 1 1945
6 0 0 100 -4 0 1 1 1945
6 0 0 100 -2 1 4 3 1945
6 0 0 100 0 0 2 2 1945
6 0 0 100 2 1 1 0 1945
6 0 0 100 7 1 1 0 1945
6 0 0 101 -10 0 1 1 1945
6 0 0 101 -9 0 1 1 1945
6 0 0 101 -8 0 1 1 1945
6 0 0 101 -5 0 1 1 1945
6 0 0 101 -4 0 1 1 1945
6 0 0 101 -3 0 2 2 1945
6 0 0 101 -1 0 3 3 1945
6 0 0 101 0 0 1 1 1945
6 0 0 101 2 1 1 0 1945
6 0 0 101 4 1 2 1 1945
6 0 0 101 5 1 1 0 1945
6 0 0 110 0 0 3 3 1945
6 0 0 110 1 0 1 1 1945
6 0 0 110 2 0 1 1 1945
6 0 0 110 3 1 1 0 1945
6 0 0 110 4 0 1 1 1945
6 0 0 110 5 2 2 0 1945
6 0 0 110 6 1 1 0 1945
6 0 0 110 8 1 1 0 1945
6 0 0 111 -2 0 2 2 1945
6 0 0 111 -1 0 2 2 1945
6 0 0 111 0 0 2 2 1945
6 0 0 111 1 0 1 1 1945
6 0 0 111 5 1 1 0 1945
6 0 1 0 -12 0 1 1 1945
6 0 1 0 -10 0 1 1 1945
6 0 1 0 -8 0 1 1 1945
6 0 1 0 -7 0 4 4 1945
6 0 1 0 -6 0 6 6 1945
6 0 1 0 -5 0 12 12 1945
6 0 1 0 -4 0 16 16 1945
6 0 1 0 -3 2 29 27 1945
6 0 1 0 -2 4 33 29 1945
6 0 1 0 -1 8 38 30 1945
6 0 1 0 0 17 66 49 1945
6 0 1 0 1 36 45 9 1945
6 0 1 0 2 31 38 7 1945
6 0 1 0 3 28 30 2 1945
6 0 1 0 4 14 16 2 1945
6 0 1 0 5 15 16 1 1945
6 0 1 0 6 15 15 0 1945
6 0 1 0 7 2 2 0 1945
6 0 1 0 8 3 3 0 1945
6 0 1 0 9 2 2 0 1945
6 0 1 0 10 1 1 0 1945
6 0 1 0 11 2 2 0 1945
6 0 1 1 -12 0 1 1 1945
6 0 1 1 -9 0 1 1 1945
6 0 1 1 -7 0 1 1 1945
6 0 1 1 -6 0 1 1 1945
6 0 1 1 -5 0 7 7 1945
6 0 1 1 -4 0 10 10 1945
6 0 1 1 -3 1 15 14 1945
6 0 1 1 -2 1 15 14 1945
6 0 1 1 -1 2 20 18 1945
6 0 1 1 0 7 28 21 1945
6 0 1 1 1 16 21 5 1945
6 0 1 1 2 6 12 6 1945
6 0 1 1 3 14 18 4 1945
6 0 1 1 4 3 3 0 1945
6 0 1 1 5 2 2 0 1945
6 0 1 1 6 3 3 0 1945
6 0 1 1 7 1 1 0 1945
6 0 1 1 8 1 1 0 1945
6 0 1 10 -11 0 1 1 1945
6 0 1 10 -10 0 1 1 1945
6 0 1 10 -6 0 3 3 1945
6 0 1 10 -5 0 5 5 1945
6 0 1 10 -4 0 3 3 1945
6 0 1 10 -3 0 7 7 1945
6 0 1 10 -2 2 11 9 1945
6 0 1 10 -1 3 11 8 1945
6 0 1 10 0 4 17 13 1945
6 0 1 10 1 5 10 5 1945
6 0 1 10 2 7 11 4 1945
6 0 1 10 3 3 4 1 1945
6 0 1 10 4 3 3 0 1945
6 0 1 10 5 1 1 0 1945
6 0 1 10 6 2 2 0 1945
6 0 1 10 13 1 1 0 1945
6 0 1 11 -11 0 1 1 1945
6 0 1 11 -9 0 1 1 1945
6 0 1 11 -7 0 1 1 1945
6 0 1 11 -5 0 1 1 1945
6 0 1 11 -4 0 1 1 1945
6 0 1 11 -3 0 3 3 1945
6 0 1 11 -2 3 8 5 1945
6 0 1 11 -1 1 9 8 1945
6 0 1 11 0 1 7 6 1945
6 0 1 11 1 6 8 2 1945
6 0 1 11 2 4 8 4 1945
6 0 1 11 3 2 4 2 1945
6 0 1 11 4 1 1 0 1945
6 0 1 11 7 1 1 0 1945
6 0 1 11 8 1 1 0 1945
6 0 1 100 -8 0 1 1 1945
6 0 1 100 -7 0 1 1 1945
6 0 1 100 -6 0 2 2 1945
6 0 1 100 -5 0 1 1 1945
6 0 1 100 -3 0 2 2 1945
6 0 1 100 -2 0 7 7 1945
6 0 1 100 -1 1 4 3 1945
6 0 1 100 0 0 6 6 1945
6 0 1 100 1 0 1 1 1945
6 0 1 100 4 1 2 1 1945
6 0 1 101 -10 0 1 1 1945
6 0 1 101 -7 0 1 1 1945
6 0 1 101 -4 0 3 3 1945
6 0 1 101 -3 0 2 2 1945
6 0 1 101 -1 0 5 5 1945
6 0 1 101 0 0 6 6 1945
6 0 1 101 1 0 1 1 1945
6 0 1 101 2 3 3 0 1945
6 0 1 101 3 4 5 1 1945
6 0 1 101 4 2 3 1 1945
6 0 1 101 5 1 1 0 1945
6 0 1 101 6 2 2 0 1945
6 0 1 101 7 1 1 0 1945
6 0 1 101 13 1 1 0 1945
6 0 1 110 -7 0 1 1 1945
6 0 1 110 -4 0 1 1 1945
6 0 1 110 -3 0 4 4 1945
6 0 1 110 -2 0 4 4 1945
6 0 1 110 -1 0 2 2 1945
6 0 1 110 0 0 5 5 1945
6 0 1 110 1 2 4 2 1945
6 0 1 110 2 3 4 1 1945
6 0 1 110 3 1 1 0 1945
6 0 1 110 4 0 1 1 1945
6 0 1 110 5 1 1 0 1945
6 0 1 110 8 1 1 0 1945
6 0 1 111 -4 0 1 1 1945
6 0 1 111 -3 0 4 4 1945
6 0 1 111 -2 0 6 6 1945
6 0 1 111 -1 0 6 6 1945
6 0 1 111 0 0 5 5 1945
6 0 1 111 1 2 6 4 1945
6 0 1 111 2 2 2 0 1945
6 0 1 111 4 0 1 1 1945
6 0 1 111 5 1 1 0 1945
6 0 2 0 -10 0 1 1 1945
6 0 2 0 -9 0 2 2 1945
6 0 2 0 -8 0 2 2 1945
6 0 2 0 -7 0 4 4 1945
6 0 2 0 -6 0 7 7 1945
6 0 2 0 -5 0 9 9 1945
6 0 2 0 -4 0 14 14 1945
6 0 2 0 -3 1 22 21 1945
6 0 2 0 -2 4 25 21 1945
6 0 2 0 -1 7 25 18 1945
6 0 2 0 0 15 51 36 1945
6 0 2 0 1 27 35 8 1945
6 0 2 0 2 30 32 2 1945
6 0 2 0 3 19 19 0 1945
6 0 2 0 4 13 15 2 1945
6 0 2 0 5 15 16 1 1945
6 0 2 0 6 11 11 0 1945
6 0 2 0 7 2 2 0 1945
6 0 2 0 8 2 2 0 1945
6 0 2 0 9 2 2 0 1945
6 0 2 0 10 1 1 0 1945
6 0 2 0 11 2 2 0 1945
6 0 2 1 -13 0 2 2 1945
6 0 2 1 -10 0 1 1 1945
6 0 2 1 -8 0 1 1 1945
6 0 2 1 -7 0 3 3 1945
6 0 2 1 -6 0 3 3 1945
6 0 2 1 -5 0 8 8 1945
6 0 2 1 -4 0 14 14 1945
6 0 2 1 -3 2 17 15 1945
6 0 2 1 -2 0 15 15 1945
6 0 2 1 -1 2 15 13 1945
6 0 2 1 0 8 32 24 1945
6 0 2 1 1 18 19 1 1945
6 0 2 1 2 9 13 4 1945
6 0 2 1 3 12 14 2 1945
6 0 2 1 4 6 7 1 1945
6 0 2 1 5 7 7 0 1945
6 0 2 1 6 5 5 0 1945
6 0 2 1 7 1 1 0 1945
6 0 2 1 8 1 1 0 1945
6 0 2 1 9 1 1 0 1945
6 0 2 1 11 1 1 0 1945
6 0 2 1 12 1 1 0 1945
6 0 2 10 -13 0 1 1 1945
6 0 2 10 -12 0 2 2 1945
6 0 2 10 -11 0 1 1 1945
6 0 2 10 -10 0 1 1 1945
6 0 2 10 -7 0 1 1 1945
6 0 2 10 -6 0 2 2 1945
6 0 2 10 -5 0 6 6 1945
6 0 2 10 -4 0 8 8 1945
6 0 2 10 -3 0 5 5 1945
6 0 2 10 -2 3 15 12 1945
6 0 2 10 -1 4 13 9 1945
6 0 2 10 0 2 10 8 1945
6 0 2 10 1 6 8 2 1945
6 0 2 10 2 7 10 3 1945
6 0 2 10 3 5 6 1 1945
6 0 2 10 4 5 6 1 1945
6 0 2 10 5 2 2 0 1945
6 0 2 10 6 2 2 0 1945
6 0 2 10 7 1 1 0 1945
6 0 2 10 9 1 1 0 1945
6 0 2 11 -13 0 1 1 1945
6 0 2 11 -9 0 1 1 1945
6 0 2 11 -8 0 1 1 1945
6 0 2 11 -7 0 1 1 1945
6 0 2 11 -6 0 1 1 1945
6 0 2 11 -5 0 6 6 1945
6 0 2 11 -4 0 3 3 1945
6 0 2 11 -3 0 8 8 1945
6 0 2 11 -2 2 12 10 1945
6 0 2 11 -1 3 11 8 1945
6 0 2 11 0 2 9 7 1945
6 0 2 11 1 7 7 0 1945
6 0 2 11 2 5 10 5 1945
6 0 2 11 3 4 7 3 1945
6 0 2 11 4 2 3 1 1945
6 0 2 11 5 2 2 0 1945
6 0 2 11 6 2 2 0 1945
6 0 2 11 7 2 2 0 1945
6 0 2 11 9 1 1 0 1945
6 0 2 100 -8 0 1 1 1945
6 0 2 100 -6 0 2 2 1945
6 0 2 100 -3 0 5 5 1945
6 0 2 100 -2 1 7 6 1945
6 0 2 100 -1 0 3 3 1945
6 0 2 100 0 1 4 3 1945
6 0 2 100 1 5 9 4 1945
6 0 2 100 2 3 3 0 1945
6 0 2 100 3 1 1 0 1945
6 0 2 100 4 1 3 2 1945
6 0 2 100 5 2 2 0 1945
6 0 2 100 6 1 1 0 1945
6 0 2 101 -6 0 1 1 1945
6 0 2 101 -5 0 1 1 1945
6 0 2 101 -4 0 3 3 1945
6 0 2 101 -3 0 3 3 1945
6 0 2 101 -2 0 4 4 1945
6 0 2 101 -1 0 4 4 1945
6 0 2 101 0 3 10 7 1945
6 0 2 101 1 2 3 1 1945
6 0 2 101 2 4 4 0 1945
6 0 2 101 3 4 6 2 1945
6 0 2 101 4 1 1 0 1945
6 0 2 101 5 3 3 0 1945
6 0 2 101 7 1 1 0 1945
6 0 2 101 8 1 1 0 1945
6 0 2 110 -11 0 1 1 1945
6 0 2 110 -5 0 1 1 1945
6 0 2 110 -4 0 1 1 1945
6 0 2 110 -3 0 2 2 1945
6 0 2 110 -2 1 4 3 1945
6 0 2 110 -1 1 3 2 1945
6 0 2 110 0 0 1 1 1945
6 0 2 110 1 3 3 0 1945
6 0 2 110 2 1 2 1 1945
6 0 2 110 4 1 1 0 1945
6 0 2 111 -3 0 4 4 1945
6 0 2 111 -2 0 4 4 1945
6 0 2 111 -1 0 3 3 1945
6 0 2 111 0 1 4 3 1945
6 0 2 111 1 4 6 2 1945
6 0 2 111 2 3 5 2 1945
6 0 2 111 4 1 2 1 1945
6 0 2 111 5 3 3 0 1945
6 0 2 111 7 1 1 0 1945
6 1 0 0 -13 0 3 3 1945
6 1 0 0 -10 0 2 2 1945
6 1 0 0 -9 0 3 3 1945
6 1 0 0 -8 0 5 5 1945
6 1 0 0 -7 0 8 8 1945
6 1 0 0 -6 0 8 8 1945
6 1 0 0 -5 0 23 23 1945
6 1 0 0 -4 0 33 33 1945
6 1 0 0 -3 4 50 46 1945
6 1 0 0 -2 10 60 50 1945
6 1 0 0 -1 11 53 42 1945
6 1 0 0 0 22 78 56 1945
6 1 0 0 1 51 64 13 1945
6 1 0 0 2 42 49 7 1945
6 1 0 0 3 39 44 5 1945
6 1 0 0 4 20 22 2 1945
6 1 0 0 5 21 22 1 1945
6 1 0 0 6 10 10 0 1945
6 1 0 0 7 5 5 0 1945
6 1 0 0 8 3 3 0 1945
6 1 0 0 9 2 2 0 1945
6 1 0 0 10 1 1 0 1945
6 1 0 0 11 2 2 0 1945
6 1 0 0 12 1 1 0 1945
6 1 0 1 -13 0 1 1 1945
6 1 0 1 -9 0 2 2 1945
6 1 0 1 -8 0 2 2 1945
6 1 0 1 -7 0 3 3 1945
6 1 0 1 -6 0 1 1 1945
6 1 0 1 -5 0 10 10 1945
6 1 0 1 -4 0 9 9 1945
6 1 0 1 -3 0 16 16 1945
6 1 0 1 -2 3 16 13 1945
6 1 0 1 -1 5 15 10 1945
6 1 0 1 0 7 21 14 1945
6 1 0 1 1 13 15 2 1945
6 1 0 1 2 11 11 0 1945
6 1 0 1 3 9 11 2 1945
6 1 0 1 4 10 10 0 1945
6 1 0 1 5 1 1 0 1945
6 1 0 1 6 5 5 0 1945
6 1 0 1 8 2 2 0 1945
6 1 0 10 -8 0 1 1 1945
6 1 0 10 -4 0 1 1 1945
6 1 0 10 -3 1 5 4 1945
6 1 0 10 -2 0 1 1 1945
6 1 0 10 -1 1 6 5 1945
6 1 0 10 0 3 5 2 1945
6 1 0 10 1 4 4 0 1945
6 1 0 10 2 1 1 0 1945
6 1 0 10 3 2 2 0 1945
6 1 0 10 4 2 2 0 1945
6 1 0 10 5 4 4 0 1945
6 1 0 10 7 2 2 0 1945
6 1 0 10 12 1 1 0 1945
6 1 0 11 -12 0 1 1 1945
6 1 0 11 -6 0 1 1 1945
6 1 0 11 -5 0 1 1 1945
6 1 0 11 -4 0 1 1 1945
6 1 0 11 -3 0 2 2 1945
6 1 0 11 -2 1 4 3 1945
6 1 0 11 -1 0 2 2 1945
6 1 0 11 0 2 2 0 1945
6 1 0 11 2 2 2 0 1945
6 1 0 11 3 0 1 1 1945
6 1 0 11 6 1 1 0 1945
6 1 0 100 -2 0 1 1 1945
6 1 0 100 1 2 2 0 1945
6 1 0 100 2 2 2 0 1945
6 1 0 100 3 2 2 0 1945
6 1 0 100 11 1 1 0 1945
6 1 0 101 -13 0 1 1 1945
6 1 0 101 -9 0 1 1 1945
6 1 0 101 -5 0 1 1 1945
6 1 0 101 -3 0 2 2 1945
6 1 0 101 -2 0 2 2 1945
6 1 0 101 -1 2 2 0 1945
6 1 0 101 1 2 2 0 1945
6 1 0 101 2 3 3 0 1945
6 1 0 101 3 1 1 0 1945
6 1 0 101 4 2 2 0 1945
6 1 0 101 5 2 2 0 1945
6 1 0 101 6 1 1 0 1945
6 1 0 101 7 1 1 0 1945
6 1 0 101 8 1 1 0 1945
6 1 0 110 -5 0 2 2 1945
6 1 0 110 -3 0 1 1 1945
6 1 0 110 -2 2 2 0 1945
6 1 0 110 -1 0 1 1 1945
6 1 0 110 0 0 1 1 1945
6 1 0 110 1 1 1 0 1945
6 1 0 110 2 1 1 0 1945
6 1 0 110 6 1 1 0 1945
6 1 0 110 8 1 1 0 1945
6 1 0 111 -6 0 1 1 1945
6 1 0 111 -2 0 1 1 1945
6 1 0 111 -1 1 2 1 1945
6 1 0 111 2 1 1 0 1945
6 1 1 0 -13 0 2 2 1945
6 1 1 0 -10 0 2 2 1945
6 1 1 0 -9 0 1 1 1945
6 1 1 0 -8 0 2 2 1945
6 1 1 0 -7 0 4 4 1945
6 1 1 0 -6 0 5 5 1945
6 1 1 0 -5 0 12 12 1945
6 1 1 0 -4 0 23 23 1945
6 1 1 0 -3 3 32 29 1945
6 1 1 0 -2 7 45 38 1945
6 1 1 0 -1 6 34 28 1945
6 1 1 0 0 14 57 43 1945
6 1 1 0 1 37 49 12 1945
6 1 1 0 2 30 37 7 1945
6 1 1 0 3 31 34 3 1945
6 1 1 0 4 13 15 2 1945
6 1 1 0 5 18 19 1 1945
6 1 1 0 6 6 6 0 1945
6 1 1 0 7 4 4 0 1945
6 1 1 0 8 2 2 0 1945
6 1 1 0 9 2 2 0 1945
6 1 1 0 10 1 1 0 1945
6 1 1 0 11 1 1 0 1945
6 1 1 0 12 1 1 0 1945
6 1 1 1 -8 0 2 2 1945
6 1 1 1 -7 0 1 1 1945
6 1 1 1 -6 0 1 1 1945
6 1 1 1 -5 0 12 12 1945
6 1 1 1 -4 0 13 13 1945
6 1 1 1 -3 1 16 15 1945
6 1 1 1 -2 1 22 21 1945
6 1 1 1 -1 4 18 14 1945
6 1 1 1 0 7 21 14 1945
6 1 1 1 1 12 23 11 1945
6 1 1 1 2 16 18 2 1945
6 1 1 1 3 11 13 2 1945
6 1 1 1 4 10 11 1 1945
6 1 1 1 5 4 4 0 1945
6 1 1 1 6 6 6 0 1945
6 1 1 1 7 1 1 0 1945
6 1 1 1 8 1 1 0 1945
6 1 1 1 9 1 1 0 1945
6 1 1 10 -10 0 1 1 1945
6 1 1 10 -8 0 1 1 1945
6 1 1 10 -7 0 1 1 1945
6 1 1 10 -5 0 1 1 1945
6 1 1 10 -4 0 2 2 1945
6 1 1 10 -3 0 3 3 1945
6 1 1 10 -2 1 5 4 1945
6 1 1 10 -1 2 11 9 1945
6 1 1 10 0 1 11 10 1945
6 1 1 10 1 8 9 1 1945
6 1 1 10 2 6 6 0 1945
6 1 1 10 3 7 8 1 1945
6 1 1 10 4 6 6 0 1945
6 1 1 10 5 7 7 0 1945
6 1 1 10 6 5 5 0 1945
6 1 1 10 8 1 1 0 1945
6 1 1 10 9 1 1 0 1945
6 1 1 10 10 1 1 0 1945
6 1 1 11 -7 0 1 1 1945
6 1 1 11 -6 0 1 1 1945
6 1 1 11 -5 0 2 2 1945
6 1 1 11 -4 0 5 5 1945
6 1 1 11 -3 0 2 2 1945
6 1 1 11 -2 2 8 6 1945
6 1 1 11 -1 3 6 3 1945
6 1 1 11 0 1 3 2 1945
6 1 1 11 1 4 6 2 1945
6 1 1 11 2 5 7 2 1945
6 1 1 11 3 3 4 1 1945
6 1 1 11 4 2 2 0 1945
6 1 1 11 5 1 1 0 1945
6 1 1 11 6 3 3 0 1945
6 1 1 11 7 1 1 0 1945
6 1 1 11 8 2 2 0 1945
6 1 1 11 10 2 2 0 1945
6 1 1 100 -3 1 3 2 1945
6 1 1 100 -1 0 1 1 1945
6 1 1 100 0 1 2 1 1945
6 1 1 100 1 5 6 1 1945
6 1 1 100 2 1 1 0 1945
6 1 1 100 3 2 2 0 1945
6 1 1 100 4 2 2 0 1945
6 1 1 100 7 1 1 0 1945
6 1 1 100 12 1 1 0 1945
6 1 1 101 -12 0 1 1 1945
6 1 1 101 -10 0 1 1 1945
6 1 1 101 -9 0 1 1 1945
6 1 1 101 -5 0 1 1 1945
6 1 1 101 -4 0 2 2 1945
6 1 1 101 -3 0 3 3 1945
6 1 1 101 -2 0 2 2 1945
6 1 1 101 -1 0 4 4 1945
6 1 1 101 0 2 4 2 1945
6 1 1 101 1 1 1 0 1945
6 1 1 101 2 3 3 0 1945
6 1 1 101 3 1 1 0 1945
6 1 1 101 4 4 4 0 1945
6 1 1 101 6 1 1 0 1945
6 1 1 101 9 1 1 0 1945
6 1 1 110 -6 0 1 1 1945
6 1 1 110 -4 0 4 4 1945
6 1 1 110 -3 0 1 1 1945
6 1 1 110 -1 0 1 1 1945
6 1 1 110 0 0 1 1 1945
6 1 1 110 1 2 2 0 1945
6 1 1 110 2 1 1 0 1945
6 1 1 110 4 0 1 1 1945
6 1 1 110 6 1 1 0 1945
6 1 1 111 -4 0 1 1 1945
6 1 1 111 -2 2 3 1 1945
6 1 1 111 -1 2 3 1 1945
6 1 1 111 0 1 2 1 1945
6 1 1 111 1 1 1 0 1945
6 1 1 111 2 4 4 0 1945
6 1 1 111 4 1 2 1 1945
6 1 1 111 5 1 1 0 1945
6 1 1 111 6 2 2 0 1945
6 1 1 111 8 1 1 0 1945
6 1 1 111 10 1 1 0 1945
6 1 2 0 -13 0 2 2 1945
6 1 2 0 -10 0 1 1 1945
6 1 2 0 -9 0 2 2 1945
6 1 2 0 -8 0 2 2 1945
6 1 2 0 -7 0 5 5 1945
6 1 2 0 -6 0 4 4 1945
6 1 2 0 -5 0 5 5 1945
6 1 2 0 -4 0 19 19 1945
6 1 2 0 -3 2 25 23 1945
6 1 2 0 -2 7 35 28 1945
6 1 2 0 -1 4 21 17 1945
6 1 2 0 0 12 48 36 1945
6 1 2 0 1 26 33 7 1945
6 1 2 0 2 22 28 6 1945
6 1 2 0 3 25 26 1 1945
6 1 2 0 4 10 11 1 1945
6 1 2 0 5 15 16 1 1945
6 1 2 0 6 4 4 0 1945
6 1 2 0 7 5 5 0 1945
6 1 2 0 8 2 2 0 1945
6 1 2 0 9 1 1 0 1945
6 1 2 0 11 1 1 0 1945
6 1 2 0 12 1 1 0 1945
6 1 2 0 13 1 1 0 1945
6 1 2 0 15 1 1 0 1945
6 1 2 1 -13 0 2 2 1945
6 1 2 1 -9 0 2 2 1945
6 1 2 1 -8 0 4 4 1945
6 1 2 1 -7 0 2 2 1945
6 1 2 1 -6 0 1 1 1945
6 1 2 1 -5 0 11 11 1945
6 1 2 1 -4 0 9 9 1945
6 1 2 1 -3 0 21 21 1945
6 1 2 1 -2 4 25 21 1945
6 1 2 1 -1 4 16 12 1945
6 1 2 1 0 4 20 16 1945
6 1 2 1 1 18 27 9 1945
6 1 2 1 2 17 19 2 1945
6 1 2 1 3 15 17 2 1945
6 1 2 1 4 8 8 0 1945
6 1 2 1 5 12 12 0 1945
6 1 2 1 6 5 5 0 1945
6 1 2 1 7 3 3 0 1945
6 1 2 1 8 1 1 0 1945
6 1 2 1 9 1 1 0 1945
6 1 2 1 11 1 1 0 1945
6 1 2 1 13 1 1 0 1945
6 1 2 10 -8 0 1 1 1945
6 1 2 10 -7 0 1 1 1945
6 1 2 10 -5 0 2 2 1945
6 1 2 10 -4 0 4 4 1945
6 1 2 10 -3 2 5 3 1945
6 1 2 10 -2 0 10 10 1945
6 1 2 10 -1 2 5 3 1945
6 1 2 10 0 3 10 7 1945
6 1 2 10 1 5 9 4 1945
6 1 2 10 2 5 6 1 1945
6 1 2 10 3 8 9 1 1945
6 1 2 10 4 2 2 0 1945
6 1 2 10 5 4 4 0 1945
6 1 2 10 6 2 2 0 1945
6 1 2 10 7 5 5 0 1945
6 1 2 10 8 1 1 0 1945
6 1 2 10 9 1 1 0 1945
6 1 2 10 14 1 1 0 1945
6 1 2 11 -13 0 1 1 1945
6 1 2 11 -7 0 1 1 1945
6 1 2 11 -6 0 1 1 1945
6 1 2 11 -5 0 2 2 1945
6 1 2 11 -4 0 5 5 1945
6 1 2 11 -3 0 5 5 1945
6 1 2 11 -2 2 11 9 1945
6 1 2 11 -1 4 8 4 1945
6 1 2 11 0 4 10 6 1945
6 1 2 11 1 8 12 4 1945
6 1 2 11 2 6 6 0 1945
6 1 2 11 3 7 7 0 1945
6 1 2 11 4 4 4 0 1945
6 1 2 11 5 7 7 0 1945
6 1 2 11 6 0 1 1 1945
6 1 2 11 7 2 2 0 1945
6 1 2 11 8 2 2 0 1945
6 1 2 11 11 1 1 0 1945
6 1 2 11 12 1 1 0 1945
6 1 2 100 -6 0 1 1 1945
6 1 2 100 -4 0 2 2 1945
6 1 2 100 -3 0 3 3 1945
6 1 2 100 -2 1 3 2 1945
6 1 2 100 -1 1 5 4 1945
6 1 2 100 0 0 4 4 1945
6 1 2 100 1 4 6 2 1945
6 1 2 100 2 3 3 0 1945
6 1 2 100 4 4 4 0 1945
6 1 2 100 5 1 1 0 1945
6 1 2 100 6 3 3 0 1945
6 1 2 100 8 1 1 0 1945
6 1 2 100 12 1 1 0 1945
6 1 2 101 -13 0 1 1 1945
6 1 2 101 -12 0 2 2 1945
6 1 2 101 -5 0 3 3 1945
6 1 2 101 -3 0 3 3 1945
6 1 2 101 -2 0 2 2 1945
6 1 2 101 -1 1 5 4 1945
6 1 2 101 0 0 1 1 1945
6 1 2 101 1 2 3 1 1945
6 1 2 101 2 3 3 0 1945
6 1 2 101 3 1 2 1 1945
6 1 2 101 4 3 3 0 1945
6 1 2 101 6 1 1 0 1945
6 1 2 101 10 1 1 0 1945
6 1 2 101 12 1 1 0 1945
6 1 2 110 -5 0 1 1 1945
6 1 2 110 -4 0 2 2 1945
6 1 2 110 -3 0 1 1 1945
6 1 2 110 -2 1 2 1 1945
6 1 2 110 -1 0 1 1 1945
6 1 2 110 0 1 2 1 1945
6 1 2 110 1 0 1 1 1945
6 1 2 110 2 1 1 0 1945
6 1 2 110 3 2 2 0 1945
6 1 2 110 4 1 1 0 1945
6 1 2 110 6 1 1 0 1945
6 1 2 110 7 1 1 0 1945
6 1 2 110 10 1 1 0 1945
6 1 2 111 -7 0 1 1 1945
6 1 2 111 -5 0 1 1 1945
6 1 2 111 -4 0 1 1 1945
6 1 2 111 -3 0 2 2 1945
6 1 2 111 -2 0 1 1 1945
6 1 2 111 -1 0 3 3 1945
6 1 2 111 0 1 4 3 1945
6 1 2 111 1 1 1 0 1945
6 1 2 111 2 5 5 0 1945
6 1 2 111 3 1 1 0 1945
6 1 2 111 4 0 1 1 1945
6 1 2 111 5 1 1 0 1945
6 1 2 111 6 1 1 0 1945
6 1 2 111 8 1 1 0 1945
6 1 2 111 10 2 2 0 1945
7 0 0 0 -13 0 1 1 1945
7 0 0 0 -12 0 2 2 1945
7 0 0 0 -9 0 4 4 1945
7 0 0 0 -8 0 6 6 1945
7 0 0 0 -7 0 4 4 1945
7 0 0 0 -6 0 6 6 1945
7 0 0 0 -5 0 17 17 1945
7 0 0 0 -4 0 34 34 1945
7 0 0 0 -3 2 44 42 1945
7 0 0 0 -2 6 57 51 1945
7 0 0 0 -1 8 50 42 1945
7 0 0 0 0 15 74 59 1945
7 0 0 0 1 43 62 19 1945
7 0 0 0 2 42 52 10 1945
7 0 0 0 3 43 48 5 1945
7 0 0 0 4 22 23 1 1945
7 0 0 0 5 27 28 1 1945
7 0 0 0 6 9 10 1 1945
7 0 0 0 7 12 12 0 1945
7 0 0 0 8 3 3 0 1945
7 0 0 0 9 4 4 0 1945
7 0 0 0 10 2 2 0 1945
7 0 0 0 12 2 2 0 1945
7 0 0 0 14 1 1 0 1945
7 0 0 0 15 1 1 0 1945
7 0 0 1 -13 0 1 1 1945
7 0 0 1 -9 0 1 1 1945
7 0 0 1 -8 0 2 2 1945
7 0 0 1 -7 0 1 1 1945
7 0 0 1 -6 0 2 2 1945
7 0 0 1 -5 0 6 6 1945
7 0 0 1 -4 0 13 13 1945
7 0 0 1 -3 1 14 13 1945
7 0 0 1 -2 1 20 19 1945
7 0 0 1 -1 2 18 16 1945
7 0 0 1 0 3 22 19 1945
7 0 0 1 1 11 16 5 1945
7 0 0 1 2 7 9 2 1945
7 0 0 1 3 11 12 1 1945
7 0 0 1 4 8 8 0 1945
7 0 0 1 5 6 6 0 1945
7 0 0 1 6 4 4 0 1945
7 0 0 1 7 3 3 0 1945
7 0 0 1 8 1 1 0 1945
7 0 0 1 15 1 1 0 1945
7 0 0 10 -8 0 1 1 1945
7 0 0 10 -5 0 2 2 1945
7 0 0 10 -4 0 3 3 1945
7 0 0 10 -2 0 3 3 1945
7 0 0 10 -1 0 4 4 1945
7 0 0 10 0 1 3 2 1945
7 0 0 10 1 1 2 1 1945
7 0 0 10 2 1 2 1 1945
7 0 0 10 3 3 3 0 1945
7 0 0 10 4 1 1 0 1945
7 0 0 10 5 3 3 0 1945
7 0 0 10 6 1 1 0 1945
7 0 0 11 -9 0 1 1 1945
7 0 0 11 -8 0 3 3 1945
7 0 0 11 -7 0 3 3 1945
7 0 0 11 -6 0 1 1 1945
7 0 0 11 -5 0 1 1 1945
7 0 0 11 -4 0 4 4 1945
7 0 0 11 -3 0 3 3 1945
7 0 0 11 -2 0 4 4 1945
7 0 0 11 -1 0 1 1 1945
7 0 0 11 0 0 2 2 1945
7 0 0 11 1 0 1 1 1945
7 0 0 11 2 1 1 0 1945
7 0 0 11 3 3 4 1 1945
7 0 0 11 4 1 1 0 1945
7 0 0 11 6 1 1 0 1945
7 0 0 11 7 1 1 0 1945
7 0 0 100 -4 0 1 1 1945
7 0 0 100 -2 0 1 1 1945
7 0 0 100 -1 0 1 1 1945
7 0 0 100 0 1 4 3 1945
7 0 0 100 2 0 1 1 1945
7 0 0 100 7 1 1 0 1945
7 0 0 101 -6 0 1 1 1945
7 0 0 101 -5 0 1 1 1945
7 0 0 101 -4 0 1 1 1945
7 0 0 101 -3 0 1 1 1945
7 0 0 101 -2 0 1 1 1945
7 0 0 101 -1 0 3 3 1945
7 0 0 101 0 0 1 1 1945
7 0 0 101 1 0 1 1 1945
7 0 0 110 -5 0 2 2 1945
7 0 0 110 -2 0 2 2 1945
7 0 0 110 0 0 2 2 1945
7 0 0 110 4 1 1 0 1945
7 0 0 110 5 1 1 0 1945
7 0 0 111 -5 0 3 3 1945
7 0 0 111 -4 0 1 1 1945
7 0 0 111 -2 0 5 5 1945
7 0 0 111 -1 0 1 1 1945
7 0 0 111 0 0 1 1 1945
7 0 0 111 1 1 1 0 1945
7 0 0 111 2 1 1 0 1945
7 0 0 111 3 2 2 0 1945
7 0 0 111 7 1 1 0 1945
7 0 1 0 -12 0 2 2 1945
7 0 1 0 -9 0 3 3 1945
7 0 1 0 -8 0 2 2 1945
7 0 1 0 -7 0 3 3 1945
7 0 1 0 -6 0 4 4 1945
7 0 1 0 -5 0 11 11 1945
7 0 1 0 -4 0 21 21 1945
7 0 1 0 -3 1 32 31 1945
7 0 1 0 -2 5 37 32 1945
7 0 1 0 -1 7 34 27 1945
7 0 1 0 0 11 46 35 1945
7 0 1 0 1 31 45 14 1945
7 0 1 0 2 37 44 7 1945
7 0 1 0 3 29 33 4 1945
7 0 1 0 4 13 14 1 1945
7 0 1 0 5 17 18 1 1945
7 0 1 0 6 4 5 1 1945
7 0 1 0 7 8 8 0 1945
7 0 1 0 8 2 2 0 1945
7 0 1 0 9 4 4 0 1945
7 0 1 0 10 2 2 0 1945
7 0 1 0 12 2 2 0 1945
7 0 1 0 14 1 1 0 1945
7 0 1 1 -9 0 1 1 1945
7 0 1 1 -8 0 2 2 1945
7 0 1 1 -7 0 2 2 1945
7 0 1 1 -6 0 3 3 1945
7 0 1 1 -5 0 8 8 1945
7 0 1 1 -4 0 8 8 1945
7 0 1 1 -3 2 15 13 1945
7 0 1 1 -2 0 23 23 1945
7 0 1 1 -1 2 13 11 1945
7 0 1 1 0 5 16 11 1945
7 0 1 1 1 13 21 8 1945
7 0 1 1 2 13 17 4 1945
7 0 1 1 3 10 13 3 1945
7 0 1 1 4 8 8 0 1945
7 0 1 1 5 8 9 1 1945
7 0 1 1 6 3 3 0 1945
7 0 1 1 7 4 4 0 1945
7 0 1 1 8 2 2 0 1945
7 0 1 1 9 1 1 0 1945
7 0 1 1 10 1 1 0 1945
7 0 1 10 -8 0 1 1 1945
7 0 1 10 -7 0 2 2 1945
7 0 1 10 -6 0 1 1 1945
7 0 1 10 -5 0 5 5 1945
7 0 1 10 -4 0 12 12 1945
7 0 1 10 -3 0 4 4 1945
7 0 1 10 -2 2 16 14 1945
7 0 1 10 -1 1 7 6 1945
7 0 1 10 0 1 15 14 1945
7 0 1 10 1 4 6 2 1945
7 0 1 10 2 2 2 0 1945
7 0 1 10 3 5 5 0 1945
7 0 1 10 4 2 2 0 1945
7 0 1 10 5 4 4 0 1945
7 0 1 10 6 2 2 0 1945
7 0 1 10 7 2 2 0 1945
7 0 1 10 9 1 1 0 1945
7 0 1 10 10 1 1 0 1945
7 0 1 10 15 1 1 0 1945
7 0 1 11 -9 0 2 2 1945
7 0 1 11 -8 0 2 2 1945
7 0 1 11 -7 0 1 1 1945
7 0 1 11 -6 0 2 2 1945
7 0 1 11 -4 0 2 2 1945
7 0 1 11 -3 1 5 4 1945
7 0 1 11 -2 0 9 9 1945
7 0 1 11 -1 0 4 4 1945
7 0 1 11 0 1 5 4 1945
7 0 1 11 1 2 3 1 1945
7 0 1 11 2 0 2 2 1945
7 0 1 11 3 2 6 4 1945
7 0 1 11 4 3 3 0 1945
7 0 1 11 5 1 1 0 1945
7 0 1 11 6 1 1 0 1945
7 0 1 11 7 1 1 0 1945
7 0 1 11 8 1 1 0 1945
7 0 1 11 14 1 1 0 1945
7 0 1 100 -9 0 1 1 1945
7 0 1 100 -5 0 1 1 1945
7 0 1 100 -4 0 3 3 1945
7 0 1 100 -3 0 1 1 1945
7 0 1 100 -2 0 5 5 1945
7 0 1 100 -1 0 4 4 1945
7 0 1 100 0 1 4 3 1945
7 0 1 100 1 1 1 0 1945
7 0 1 100 2 1 1 0 1945
7 0 1 100 4 1 1 0 1945
7 0 1 100 7 1 1 0 1945
7 0 1 101 -8 0 1 1 1945
7 0 1 101 -6 0 1 1 1945
7 0 1 101 -5 0 1 1 1945
7 0 1 101 -4 0 1 1 1945
7 0 1 101 -2 0 3 3 1945
7 0 1 101 -1 0 2 2 1945
7 0 1 101 0 0 5 5 1945
7 0 1 101 1 2 5 3 1945
7 0 1 101 2 5 5 0 1945
7 0 1 101 3 2 2 0 1945
7 0 1 101 4 1 1 0 1945
7 0 1 101 5 1 1 0 1945
7 0 1 101 6 1 1 0 1945
7 0 1 101 13 1 1 0 1945
7 0 1 101 15 1 1 0 1945
7 0 1 110 -4 0 2 2 1945
7 0 1 110 -3 0 3 3 1945
7 0 1 110 -2 0 5 5 1945
7 0 1 110 -1 0 1 1 1945
7 0 1 110 0 0 3 3 1945
7 0 1 110 2 1 1 0 1945
7 0 1 110 4 1 1 0 1945
7 0 1 110 14 1 1 0 1945
7 0 1 111 -6 0 1 1 1945
7 0 1 111 -3 0 3 3 1945
7 0 1 111 -2 0 6 6 1945
7 0 1 111 -1 0 2 2 1945
7 0 1 111 0 0 4 4 1945
7 0 1 111 1 1 1 0 1945
7 0 1 111 2 1 1 0 1945
7 0 1 111 6 1 1 0 1945
7 0 1 111 7 1 1 0 1945
7 0 1 111 8 1 1 0 1945
7 0 2 0 -13 0 1 1 1945
7 0 2 0 -12 0 2 2 1945
7 0 2 0 -10 0 1 1 1945
7 0 2 0 -9 0 3 3 1945
7 0 2 0 -8 0 1 1 1945
7 0 2 0 -7 0 1 1 1945
7 0 2 0 -6 0 4 4 1945
7 0 2 0 -5 0 11 11 1945
7 0 2 0 -4 0 15 15 1945
7 0 2 0 -3 1 27 26 1945
7 0 2 0 -2 5 26 21 1945
7 0 2 0 -1 7 31 24 1945
7 0 2 0 0 10 39 29 1945
7 0 2 0 1 27 35 8 1945
7 0 2 0 2 29 34 5 1945
7 0 2 0 3 24 25 1 1945
7 0 2 0 4 11 12 1 1945
7 0 2 0 5 14 14 0 1945
7 0 2 0 6 4 5 1 1945
7 0 2 0 7 5 5 0 1945
7 0 2 0 8 2 2 0 1945
7 0 2 0 9 2 2 0 1945
7 0 2 0 10 1 1 0 1945
7 0 2 0 12 2 2 0 1945
7 0 2 0 14 1 1 0 1945
7 0 2 1 -9 0 1 1 1945
7 0 2 1 -8 0 1 1 1945
7 0 2 1 -7 0 4 4 1945
7 0 2 1 -6 0 2 2 1945
7 0 2 1 -5 0 10 10 1945
7 0 2 1 -4 0 11 11 1945
7 0 2 1 -3 0 16 16 1945
7 0 2 1 -2 1 16 15 1945
7 0 2 1 -1 3 19 16 1945
7 0 2 1 0 4 20 16 1945
7 0 2 1 1 14 16 2 1945
7 0 2 1 2 18 21 3 1945
7 0 2 1 3 17 18 1 1945
7 0 2 1 4 4 5 1 1945
7 0 2 1 5 10 11 1 1945
7 0 2 1 6 3 4 1 1945
7 0 2 1 7 3 3 0 1945
7 0 2 1 8 1 1 0 1945
7 0 2 1 9 3 3 0 1945
7 0 2 1 10 1 1 0 1945
7 0 2 10 -7 0 1 1 1945
7 0 2 10 -6 0 1 1 1945
7 0 2 10 -5 0 7 7 1945
7 0 2 10 -4 0 9 9 1945
7 0 2 10 -3 0 8 8 1945
7 0 2 10 -2 2 12 10 1945
7 0 2 10 -1 2 5 3 1945
7 0 2 10 0 4 18 14 1945
7 0 2 10 1 8 14 6 1945
7 0 2 10 2 2 2 0 1945
7 0 2 10 3 5 5 0 1945
7 0 2 10 4 4 4 0 1945
7 0 2 10 5 3 4 1 1945
7 0 2 10 6 1 1 0 1945
7 0 2 10 7 2 2 0 1945
7 0 2 10 8 1 1 0 1945
7 0 2 10 10 1 1 0 1945
7 0 2 11 -9 0 3 3 1945
7 0 2 11 -8 0 1 1 1945
7 0 2 11 -7 0 2 2 1945
7 0 2 11 -5 0 6 6 1945
7 0 2 11 -4 0 6 6 1945
7 0 2 11 -3 1 8 7 1945
7 0 2 11 -2 2 10 8 1945
7 0 2 11 -1 3 6 3 1945
7 0 2 11 0 1 7 6 1945
7 0 2 11 1 5 8 3 1945
7 0 2 11 2 10 12 2 1945
7 0 2 11 3 8 10 2 1945
7 0 2 11 4 1 3 2 1945
7 0 2 11 5 2 4 2 1945
7 0 2 11 6 1 1 0 1945
7 0 2 11 7 1 1 0 1945
7 0 2 11 9 1 1 0 1945
7 0 2 100 -9 0 1 1 1945
7 0 2 100 -7 0 2 2 1945
7 0 2 100 -5 0 1 1 1945
7 0 2 100 -4 0 3 3 1945
7 0 2 100 -3 0 2 2 1945
7 0 2 100 -2 0 6 6 1945
7 0 2 100 0 4 4 0 1945
7 0 2 100 1 1 1 0 1945
7 0 2 100 2 1 1 0 1945
7 0 2 100 3 2 2 0 1945
7 0 2 100 4 1 1 0 1945
7 0 2 100 5 2 2 0 1945
7 0 2 100 6 2 2 0 1945
7 0 2 101 -9 0 1 1 1945
7 0 2 101 -6 0 1 1 1945
7 0 2 101 -5 0 1 1 1945
7 0 2 101 -4 0 1 1 1945
7 0 2 101 -3 0 1 1 1945
7 0 2 101 -2 0 2 2 1945
7 0 2 101 -1 1 4 3 1945
7 0 2 101 0 3 5 2 1945
7 0 2 101 1 3 4 1 1945
7 0 2 101 2 1 3 2 1945
7 0 2 101 3 1 2 1 1945
7 0 2 101 5 2 2 0 1945
7 0 2 110 -7 0 1 1 1945
7 0 2 110 -5 0 2 2 1945
7 0 2 110 -4 0 2 2 1945
7 0 2 110 -3 0 2 2 1945
7 0 2 110 -2 0 3 3 1945
7 0 2 110 0 0 3 3 1945
7 0 2 110 1 1 1 0 1945
7 0 2 110 2 0 1 1 1945
7 0 2 110 3 2 3 1 1945
7 0 2 110 4 1 1 0 1945
7 0 2 110 7 1 1 0 1945
7 0 2 111 -9 0 2 2 1945
7 0 2 111 -6 0 2 2 1945
7 0 2 111 -5 0 4 4 1945
7 0 2 111 -4 0 3 3 1945
7 0 2 111 -3 0 5 5 1945
7 0 2 111 -2 0 5 5 1945
7 0 2 111 -1 2 4 2 1945
7 0 2 111 0 2 2 0 1945
7 0 2 111 1 1 1 0 1945
7 0 2 111 2 3 4 1 1945
7 0 2 111 3 1 2 1 1945
7 0 2 111 4 0 3 3 1945
7 0 2 111 5 0 1 1 1945
7 0 2 111 6 1 1 0 1945
7 0 2 111 8 1 1 0 1945
7 1 0 0 -13 0 1 1 1945
7 1 0 0 -12 0 2 2 1945
7 1 0 0 -10 0 1 1 1945
7 1 0 0 -9 0 7 7 1945
7 1 0 0 -8 0 3 3 1945
7 1 0 0 -7 0 9 9 1945
7 1 0 0 -6 0 11 11 1945
7 1 0 0 -5 0 27 27 1945
7 1 0 0 -4 0 32 32 1945
7 1 0 0 -3 2 44 42 1945
7 1 0 0 -2 8 62 54 1945
7 1 0 0 -1 9 50 41 1945
7 1 0 0 0 20 72 52 1945
7 1 0 0 1 44 55 11 1945
7 1 0 0 2 50 60 10 1945
7 1 0 0 3 36 38 2 1945
7 1 0 0 4 20 20 0 1945
7 1 0 0 5 23 23 0 1945
7 1 0 0 6 10 10 0 1945
7 1 0 0 7 8 8 0 1945
7 1 0 0 8 4 4 0 1945
7 1 0 0 9 2 2 0 1945
7 1 0 0 10 2 2 0 1945
7 1 0 0 12 2 2 0 1945
7 1 0 0 13 2 2 0 1945
7 1 0 0 14 1 1 0 1945
7 1 0 1 -12 0 1 1 1945
7 1 0 1 -9 0 1 1 1945
7 1 0 1 -7 0 4 4 1945
7 1 0 1 -6 0 2 2 1945
7 1 0 1 -5 0 4 4 1945
7 1 0 1 -4 0 13 13 1945
7 1 0 1 -3 1 12 11 1945
7 1 0 1 -2 4 19 15 1945
7 1 0 1 -1 4 13 9 1945
7 1 0 1 0 8 20 12 1945
7 1 0 1 1 14 18 4 1945
7 1 0 1 2 16 20 4 1945
7 1 0 1 3 10 11 1 1945
7 1 0 1 4 6 6 0 1945
7 1 0 1 5 7 7 0 1945
7 1 0 1 6 3 3 0 1945
7 1 0 1 7 3 3 0 1945
7 1 0 1 10 1 1 0 1945
7 1 0 1 12 1 1 0 1945
7 1 0 1 14 1 1 0 1945
7 1 0 10 -4 0 2 2 1945
7 1 0 10 -3 0 6 6 1945
7 1 0 10 -2 2 4 2 1945
7 1 0 10 0 1 2 1 1945
7 1 0 10 1 1 1 0 1945
7 1 0 10 2 1 1 0 1945
7 1 0 10 3 0 1 1 1945
7 1 0 10 4 2 2 0 1945
7 1 0 10 5 3 3 0 1945
7 1 0 10 6 1 1 0 1945
7 1 0 10 7 1 1 0 1945
7 1 0 11 -12 0 1 1 1945
7 1 0 11 -4 0 4 4 1945
7 1 0 11 -3 0 3 3 1945
7 1 0 11 -2 2 5 3 1945
7 1 0 11 -1 1 1 0 1945
7 1 0 11 0 4 4 0 1945
7 1 0 11 2 3 3 0 1945
7 1 0 11 3 1 1 0 1945
7 1 0 11 5 3 3 0 1945
7 1 0 11 6 1 1 0 1945
7 1 0 11 7 2 2 0 1945
7 1 0 100 -8 0 1 1 1945
7 1 0 100 -3 0 2 2 1945
7 1 0 100 -1 1 1 0 1945
7 1 0 100 1 1 1 0 1945
7 1 0 100 5 1 1 0 1945
7 1 0 101 -4 0 1 1 1945
7 1 0 101 -3 0 2 2 1945
7 1 0 101 -2 0 1 1 1945
7 1 0 101 -1 2 3 1 1945
7 1 0 101 0 1 1 0 1945
7 1 0 101 1 1 1 0 1945
7 1 0 101 2 2 2 0 1945
7 1 0 101 4 1 1 0 1945
7 1 0 101 7 1 1 0 1945
7 1 0 101 10 1 1 0 1945
7 1 0 110 -3 1 2 1 1945
7 1 0 110 -2 1 1 0 1945
7 1 0 110 -1 1 1 0 1945
7 1 0 110 1 1 1 0 1945
7 1 0 110 4 1 1 0 1945
7 1 0 111 -12 0 1 1 1945
7 1 0 111 -3 1 1 0 1945
7 1 0 111 -2 0 1 1 1945
7 1 0 111 0 2 2 0 1945
7 1 0 111 1 1 1 0 1945
7 1 1 0 -13 0 1 1 1945
7 1 1 0 -12 0 1 1 1945
7 1 1 0 -10 0 1 1 1945
7 1 1 0 -9 0 6 6 1945
7 1 1 0 -8 0 3 3 1945
7 1 1 0 -7 0 6 6 1945
7 1 1 0 -6 0 9 9 1945
7 1 1 0 -5 0 24 24 1945
7 1 1 0 -4 0 18 18 1945
7 1 1 0 -3 1 27 26 1945
7 1 1 0 -2 2 41 39 1945
7 1 1 0 -1 3 36 33 1945
7 1 1 0 0 12 55 43 1945
7 1 1 0 1 28 35 7 1945
7 1 1 0 2 35 40 5 1945
7 1 1 0 3 28 29 1 1945
7 1 1 0 4 13 13 0 1945
7 1 1 0 5 14 14 0 1945
7 1 1 0 6 7 7 0 1945
7 1 1 0 7 5 5 0 1945
7 1 1 0 8 4 4 0 1945
7 1 1 0 9 3 3 0 1945
7 1 1 0 10 1 1 0 1945
7 1 1 0 12 1 1 0 1945
7 1 1 0 13 2 2 0 1945
7 1 1 1 -12 0 1 1 1945
7 1 1 1 -9 0 2 2 1945
7 1 1 1 -8 0 1 1 1945
7 1 1 1 -7 0 5 5 1945
7 1 1 1 -6 0 4 4 1945
7 1 1 1 -5 0 11 11 1945
7 1 1 1 -4 0 14 14 1945
7 1 1 1 -3 0 19 19 1945
7 1 1 1 -2 3 27 24 1945
7 1 1 1 -1 2 12 10 1945
7 1 1 1 0 5 25 20 1945
7 1 1 1 1 9 12 3 1945
7 1 1 1 2 14 17 3 1945
7 1 1 1 3 14 15 1 1945
7 1 1 1 4 5 5 0 1945
7 1 1 1 5 8 8 0 1945
7 1 1 1 6 6 6 0 1945
7 1 1 1 8 1 1 0 1945
7 1 1 1 9 1 1 0 1945
7 1 1 1 14 1 1 0 1945
7 1 1 10 -6 0 1 1 1945
7 1 1 10 -5 0 3 3 1945
7 1 1 10 -4 0 1 1 1945
7 1 1 10 -3 0 5 5 1945
7 1 1 10 -2 0 2 2 1945
7 1 1 10 -1 2 6 4 1945
7 1 1 10 0 3 11 8 1945
7 1 1 10 1 9 12 3 1945
7 1 1 10 2 13 15 2 1945
7 1 1 10 3 8 10 2 1945
7 1 1 10 4 5 5 0 1945
7 1 1 10 5 4 4 0 1945
7 1 1 10 6 2 2 0 1945
7 1 1 10 8 2 2 0 1945
7 1 1 10 12 1 1 0 1945
7 1 1 11 -7 0 1 1 1945
7 1 1 11 -5 0 6 6 1945
7 1 1 11 -4 0 5 5 1945
7 1 1 11 -3 0 4 4 1945
7 1 1 11 -2 1 6 5 1945
7 1 1 11 -1 3 5 2 1945
7 1 1 11 0 4 11 7 1945
7 1 1 11 1 3 4 1 1945
7 1 1 11 2 6 7 1 1945
7 1 1 11 3 8 8 0 1945
7 1 1 11 4 4 4 0 1945
7 1 1 11 5 3 3 0 1945
7 1 1 11 6 1 1 0 1945
7 1 1 11 7 1 1 0 1945
7 1 1 100 -4 0 2 2 1945
7 1 1 100 -3 0 3 3 1945
7 1 1 100 -2 1 4 3 1945
7 1 1 100 0 1 5 4 1945
7 1 1 100 1 4 4 0 1945
7 1 1 100 2 2 2 0 1945
7 1 1 100 4 1 1 0 1945
7 1 1 100 5 3 3 0 1945
7 1 1 100 6 1 1 0 1945
7 1 1 100 7 1 1 0 1945
7 1 1 101 -6 0 1 1 1945
7 1 1 101 -5 0 1 1 1945
7 1 1 101 -4 0 1 1 1945
7 1 1 101 -3 0 1 1 1945
7 1 1 101 -2 1 3 2 1945
7 1 1 101 -1 1 1 0 1945
7 1 1 101 0 4 6 2 1945
7 1 1 101 1 4 4 0 1945
7 1 1 101 2 5 6 1 1945
7 1 1 101 3 1 1 0 1945
7 1 1 101 5 3 3 0 1945
7 1 1 101 6 1 1 0 1945
7 1 1 101 7 1 1 0 1945
7 1 1 110 -3 0 1 1 1945
7 1 1 110 -2 2 5 3 1945
7 1 1 110 0 3 3 0 1945
7 1 1 110 1 1 1 0 1945
7 1 1 110 2 2 2 0 1945
7 1 1 110 3 1 1 0 1945
7 1 1 110 4 1 1 0 1945
7 1 1 110 6 1 1 0 1945
7 1 1 110 7 1 1 0 1945
7 1 1 111 -12 0 1 1 1945
7 1 1 111 -5 0 1 1 1945
7 1 1 111 -4 0 2 2 1945
7 1 1 111 -2 1 1 0 1945
7 1 1 111 -1 1 1 0 1945
7 1 1 111 0 3 4 1 1945
7 1 1 111 1 3 3 0 1945
7 1 1 111 2 2 2 0 1945
7 1 1 111 7 2 2 0 1945
7 1 2 0 -13 0 1 1 1945
7 1 2 0 -10 0 1 1 1945
7 1 2 0 -9 0 4 4 1945
7 1 2 0 -8 0 2 2 1945
7 1 2 0 -7 0 5 5 1945
7 1 2 0 -6 0 6 6 1945
7 1 2 0 -5 0 14 14 1945
7 1 2 0 -4 0 8 8 1945
7 1 2 0 -3 1 18 17 1945
7 1 2 0 -2 0 31 31 1945
7 1 2 0 -1 2 33 31 1945
7 1 2 0 0 10 39 29 1945
7 1 2 0 1 27 35 8 1945
7 1 2 0 2 26 30 4 1945
7 1 2 0 3 21 23 2 1945
7 1 2 0 4 12 12 0 1945
7 1 2 0 5 10 10 0 1945
7 1 2 0 6 5 5 0 1945
7 1 2 0 7 6 6 0 1945
7 1 2 0 8 5 5 0 1945
7 1 2 0 9 3 3 0 1945
7 1 2 0 10 1 1 0 1945
7 1 2 0 12 1 1 0 1945
7 1 2 0 13 2 2 0 1945
7 1 2 1 -10 0 1 1 1945
7 1 2 1 -9 0 3 3 1945
7 1 2 1 -7 0 4 4 1945
7 1 2 1 -6 0 4 4 1945
7 1 2 1 -5 0 9 9 1945
7 1 2 1 -4 0 12 12 1945
7 1 2 1 -3 1 18 17 1945
7 1 2 1 -2 0 27 27 1945
7 1 2 1 -1 0 12 12 1945
7 1 2 1 0 3 19 16 1945
7 1 2 1 1 10 13 3 1945
7 1 2 1 2 18 22 4 1945
7 1 2 1 3 14 14 0 1945
7 1 2 1 4 7 7 0 1945
7 1 2 1 5 7 7 0 1945
7 1 2 1 6 11 11 0 1945
7 1 2 1 7 1 1 0 1945
7 1 2 1 8 1 1 0 1945
7 1 2 1 14 1 1 0 1945
7 1 2 10 -8 0 1 1 1945
7 1 2 10 -6 0 1 1 1945
7 1 2 10 -5 0 4 4 1945
7 1 2 10 -4 0 2 2 1945
7 1 2 10 -3 0 4 4 1945
7 1 2 10 -2 1 3 2 1945
7 1 2 10 -1 2 5 3 1945
7 1 2 10 0 3 15 12 1945
7 1 2 10 1 9 13 4 1945
7 1 2 10 2 6 8 2 1945
7 1 2 10 3 6 7 1 1945
7 1 2 10 4 7 7 0 1945
7 1 2 10 5 10 10 0 1945
7 1 2 10 6 4 4 0 1945
7 1 2 10 7 1 1 0 1945
7 1 2 10 8 3 3 0 1945
7 1 2 10 9 1 1 0 1945
7 1 2 10 12 1 1 0 1945
7 1 2 10 13 1 1 0 1945
7 1 2 11 -10 0 1 1 1945
7 1 2 11 -7 0 3 3 1945
7 1 2 11 -5 0 2 2 1945
7 1 2 11 -4 0 4 4 1945
7 1 2 11 -3 1 9 8 1945
7 1 2 11 -2 0 7 7 1945
7 1 2 11 -1 1 3 2 1945
7 1 2 11 0 6 15 9 1945
7 1 2 11 1 10 12 2 1945
7 1 2 11 2 9 10 1 1945
7 1 2 11 3 10 11 1 1945
7 1 2 11 4 5 5 0 1945
7 1 2 11 5 5 5 0 1945
7 1 2 11 6 4 4 0 1945
7 1 2 11 7 2 2 0 1945
7 1 2 11 8 1 1 0 1945
7 1 2 11 13 1 1 0 1945
7 1 2 100 -4 0 1 1 1945
7 1 2 100 -2 0 2 2 1945
7 1 2 100 -1 0 3 3 1945
7 1 2 100 0 1 4 3 1945
7 1 2 100 1 2 3 1 1945
7 1 2 100 2 2 2 0 1945
7 1 2 100 3 6 6 0 1945
7 1 2 100 4 3 3 0 1945
7 1 2 100 5 2 2 0 1945
7 1 2 100 6 1 1 0 1945
7 1 2 100 7 1 1 0 1945
7 1 2 100 8 2 2 0 1945
7 1 2 101 -4 0 3 3 1945
7 1 2 101 -2 1 7 6 1945
7 1 2 101 -1 1 3 2 1945
7 1 2 101 0 1 4 3 1945
7 1 2 101 1 1 1 0 1945
7 1 2 101 2 7 8 1 1945
7 1 2 101 3 3 3 0 1945
7 1 2 101 4 1 1 0 1945
7 1 2 101 5 2 2 0 1945
7 1 2 101 6 1 1 0 1945
7 1 2 101 7 1 1 0 1945
7 1 2 101 8 1 1 0 1945
7 1 2 110 -7 0 1 1 1945
7 1 2 110 -4 0 2 2 1945
7 1 2 110 -2 0 3 3 1945
7 1 2 110 -1 1 2 1 1945
7 1 2 110 0 2 4 2 1945
7 1 2 110 1 1 3 2 1945
7 1 2 110 2 2 3 1 1945
7 1 2 110 3 4 4 0 1945
7 1 2 110 4 2 2 0 1945
7 1 2 110 7 1 1 0 1945
7 1 2 111 -7 0 1 1 1945
7 1 2 111 -5 0 1 1 1945
7 1 2 111 -4 0 2 2 1945
7 1 2 111 -3 1 2 1 1945
7 1 2 111 -2 1 5 4 1945
7 1 2 111 -1 1 1 0 1945
7 1 2 111 0 5 7 2 1945
7 1 2 111 1 4 8 4 1945
7 1 2 111 2 5 7 2 1945
7 1 2 111 3 3 3 0 1945
7 1 2 111 4 3 3 0 1945
7 1 2 111 8 1 1 0 1945
7 1 2 111 9 1 1 0 1945
8 0 0 0 -13 0 1 1 1945
8 0 0 0 -12 0 2 2 1945
8 0 0 0 -10 0 1 1 1945
8 0 0 0 -9 0 6 6 1945
8 0 0 0 -8 0 3 3 1945
8 0 0 0 -7 0 10 10 1945
8 0 0 0 -6 0 9 9 1945
8 0 0 0 -5 0 25 25 1945
8 0 0 0 -4 0 24 24 1945
8 0 0 0 -3 0 36 36 1945
8 0 0 0 -2 1 60 59 1945
8 0 0 0 -1 4 47 43 1945
8 0 0 0 0 13 69 56 1945
8 0 0 0 1 37 55 18 1945
8 0 0 0 2 48 58 10 1945
8 0 0 0 3 41 44 3 1945
8 0 0 0 4 29 29 0 1945
8 0 0 0 5 20 20 0 1945
8 0 0 0 6 17 17 0 1945
8 0 0 0 7 11 11 0 1945
8 0 0 0 8 6 6 0 1945
8 0 0 0 9 6 6 0 1945
8 0 0 0 10 1 1 0 1945
8 0 0 0 12 1 1 0 1945
8 0 0 0 13 3 3 0 1945
8 0 0 0 14 1 1 0 1945
8 0 0 1 -13 0 1 1 1945
8 0 0 1 -12 0 1 1 1945
8 0 0 1 -9 0 1 1 1945
8 0 0 1 -8 0 3 3 1945
8 0 0 1 -7 0 3 3 1945
8 0 0 1 -6 0 3 3 1945
8 0 0 1 -5 0 6 6 1945
8 0 0 1 -4 0 9 9 1945
8 0 0 1 -3 0 11 11 1945
8 0 0 1 -2 1 22 21 1945
8 0 0 1 -1 2 13 11 1945
8 0 0 1 0 3 19 16 1945
8 0 0 1 1 12 19 7 1945
8 0 0 1 2 16 22 6 1945
8 0 0 1 3 13 14 1 1945
8 0 0 1 4 8 8 0 1945
8 0 0 1 5 3 3 0 1945
8 0 0 1 6 6 6 0 1945
8 0 0 1 7 3 3 0 1945
8 0 0 1 8 1 1 0 1945
8 0 0 1 9 1 1 0 1945
8 0 0 1 10 1 1 0 1945
8 0 0 1 12 1 1 0 1945
8 0 0 10 -8 0 1 1 1945
8 0 0 10 -7 0 2 2 1945
8 0 0 10 -5 0 3 3 1945
8 0 0 10 -4 0 1 1 1945
8 0 0 10 -3 0 4 4 1945
8 0 0 10 -2 0 3 3 1945
8 0 0 10 -1 1 4 3 1945
8 0 0 10 0 1 6 5 1945
8 0 0 10 2 4 4 0 1945
8 0 0 10 3 3 4 1 1945
8 0 0 10 4 2 2 0 1945
8 0 0 10 5 1 1 0 1945
8 0 0 10 7 2 2 0 1945
8 0 0 10 12 1 1 0 1945
8 0 0 10 13 1 1 0 1945
8 0 0 10 14 1 1 0 1945
8 0 0 11 -8 0 1 1 1945
8 0 0 11 -6 0 1 1 1945
8 0 0 11 -5 0 3 3 1945
8 0 0 11 -4 0 3 3 1945
8 0 0 11 -3 0 3 3 1945
8 0 0 11 -2 0 4 4 1945
8 0 0 11 -1 0 1 1 1945
8 0 0 11 0 0 5 5 1945
8 0 0 11 1 0 1 1 1945
8 0 0 11 2 3 6 3 1945
8 0 0 11 3 3 3 0 1945
8 0 0 11 4 1 1 0 1945
8 0 0 11 5 1 1 0 1945
8 0 0 11 7 1 1 0 1945
8 0 0 11 8 1 1 0 1945
8 0 0 11 12 1 1 0 1945
8 0 0 11 14 1 1 0 1945
8 0 0 100 -6 0 3 3 1945
8 0 0 100 -5 0 1 1 1945
8 0 0 100 -2 0 2 2 1945
8 0 0 100 -1 0 2 2 1945
8 0 0 100 0 1 2 1 1945
8 0 0 100 5 1 1 0 1945
8 0 0 100 6 1 1 0 1945
8 0 0 101 -4 0 1 1 1945
8 0 0 101 -3 0 1 1 1945
8 0 0 101 -2 0 3 3 1945
8 0 0 101 -1 0 1 1 1945
8 0 0 101 0 0 1 1 1945
8 0 0 101 1 1 2 1 1945
8 0 0 101 2 1 1 0 1945
8 0 0 101 4 2 2 0 1945
8 0 0 101 5 2 2 0 1945
8 0 0 101 6 2 2 0 1945
8 0 0 101 12 2 2 0 1945
8 0 0 101 13 1 1 0 1945
8 0 0 110 -2 0 1 1 1945
8 0 0 110 0 0 2 2 1945
8 0 0 110 1 0 2 2 1945
8 0 0 111 -6 0 1 1 1945
8 0 0 111 -4 0 1 1 1945
8 0 0 111 -3 0 1 1 1945
8 0 0 111 -2 0 2 2 1945
8 0 0 111 0 0 1 1 1945
8 0 0 111 2 0 1 1 1945
8 0 1 0 -12 0 1 1 1945
8 0 1 0 -11 0 1 1 1945
8 0 1 0 -10 0 2 2 1945
8 0 1 0 -9 0 5 5 1945
8 0 1 0 -7 0 9 9 1945
8 0 1 0 -6 0 5 5 1945
8 0 1 0 -5 0 16 16 1945
8 0 1 0 -4 0 15 15 1945
8 0 1 0 -3 0 24 24 1945
8 0 1 0 -2 1 37 36 1945
8 0 1 0 -1 1 30 29 1945
8 0 1 0 0 9 43 34 1945
8 0 1 0 1 27 39 12 1945
8 0 1 0 2 30 34 4 1945
8 0 1 0 3 26 27 1 1945
8 0 1 0 4 18 18 0 1945
8 0 1 0 5 13 13 0 1945
8 0 1 0 6 11 11 0 1945
8 0 1 0 7 7 7 0 1945
8 0 1 0 8 5 5 0 1945
8 0 1 0 9 5 5 0 1945
8 0 1 0 13 2 2 0 1945
8 0 1 1 -13 0 1 1 1945
8 0 1 1 -12 0 1 1 1945
8 0 1 1 -11 0 1 1 1945
8 0 1 1 -10 0 1 1 1945
8 0 1 1 -9 0 2 2 1945
8 0 1 1 -8 0 2 2 1945
8 0 1 1 -7 0 4 4 1945
8 0 1 1 -6 0 2 2 1945
8 0 1 1 -5 0 4 4 1945
8 0 1 1 -4 0 4 4 1945
8 0 1 1 -3 0 12 12 1945
8 0 1 1 -2 2 18 16 1945
8 0 1 1 -1 2 18 16 1945
8 0 1 1 0 4 23 19 1945
8 0 1 1 1 12 19 7 1945
8 0 1 1 2 16 19 3 1945
8 0 1 1 3 12 12 0 1945
8 0 1 1 4 11 11 0 1945
8 0 1 1 5 9 9 0 1945
8 0 1 1 6 6 6 0 1945
8 0 1 1 7 3 3 0 1945
8 0 1 1 9 1 1 0 1945
8 0 1 1 10 1 1 0 1945
8 0 1 10 -11 0 1 1 1945
8 0 1 10 -7 0 3 3 1945
8 0 1 10 -6 0 2 2 1945
8 0 1 10 -5 0 6 6 1945
8 0 1 10 -4 0 3 3 1945
8 0 1 10 -3 0 4 4 1945
8 0 1 10 -2 0 9 9 1945
8 0 1 10 -1 1 9 8 1945
8 0 1 10 0 3 13 10 1945
8 0 1 10 1 6 9 3 1945
8 0 1 10 2 7 8 1 1945
8 0 1 10 3 6 7 1 1945
8 0 1 10 4 2 2 0 1945
8 0 1 10 5 1 1 0 1945
8 0 1 10 6 1 1 0 1945
8 0 1 10 7 1 1 0 1945
8 0 1 10 11 1 1 0 1945
8 0 1 11 -8 0 3 3 1945
8 0 1 11 -5 0 4 4 1945
8 0 1 11 -4 0 5 5 1945
8 0 1 11 -3 0 4 4 1945
8 0 1 11 -2 1 6 5 1945
8 0 1 11 -1 0 3 3 1945
8 0 1 11 0 0 2 2 1945
8 0 1 11 1 4 6 2 1945
8 0 1 11 2 5 5 0 1945
8 0 1 11 3 7 7 0 1945
8 0 1 11 4 4 4 0 1945
8 0 1 11 5 2 2 0 1945
8 0 1 11 6 2 2 0 1945
8 0 1 11 7 1 1 0 1945
8 0 1 100 -8 0 2 2 1945
8 0 1 100 -7 0 1 1 1945
8 0 1 100 -6 0 2 2 1945
8 0 1 100 -4 0 1 1 1945
8 0 1 100 -3 0 3 3 1945
8 0 1 100 -2 0 2 2 1945
8 0 1 100 -1 0 3 3 1945
8 0 1 100 0 1 4 3 1945
8 0 1 100 1 0 1 1 1945
8 0 1 100 3 1 1 0 1945
8 0 1 100 6 1 1 0 1945
8 0 1 101 -9 0 1 1 1945
8 0 1 101 -5 0 3 3 1945
8 0 1 101 -2 0 3 3 1945
8 0 1 101 -1 1 6 5 1945
8 0 1 101 0 3 5 2 1945
8 0 1 101 1 1 3 2 1945
8 0 1 101 2 1 2 1 1945
8 0 1 101 3 1 1 0 1945
8 0 1 101 4 1 1 0 1945
8 0 1 101 5 2 2 0 1945
8 0 1 101 12 2 2 0 1945
8 0 1 110 -7 0 1 1 1945
8 0 1 110 -5 0 2 2 1945
8 0 1 110 -4 0 1 1 1945
8 0 1 110 -3 0 2 2 1945
8 0 1 110 -1 0 2 2 1945
8 0 1 110 0 0 3 3 1945
8 0 1 110 1 0 1 1 1945
8 0 1 110 2 2 2 0 1945
8 0 1 110 11 1 1 0 1945
8 0 1 111 -8 0 1 1 1945
8 0 1 111 -6 0 2 2 1945
8 0 1 111 -5 0 1 1 1945
8 0 1 111 -3 0 1 1 1945
8 0 1 111 -2 0 2 2 1945
8 0 1 111 -1 0 1 1 1945
8 0 1 111 0 0 2 2 1945
8 0 1 111 1 0 2 2 1945
8 0 1 111 2 0 1 1 1945
8 0 1 111 3 1 1 0 1945
8 0 1 111 4 1 1 0 1945
8 0 1 111 6 1 1 0 1945
8 0 2 0 -12 0 1 1 1945
8 0 2 0 -10 0 1 1 1945
8 0 2 0 -9 0 4 4 1945
8 0 2 0 -7 0 7 7 1945
8 0 2 0 -6 0 3 3 1945
8 0 2 0 -5 0 12 12 1945
8 0 2 0 -4 0 17 17 1945
8 0 2 0 -3 0 21 21 1945
8 0 2 0 -2 2 38 36 1945
8 0 2 0 -1 1 24 23 1945
8 0 2 0 0 10 31 21 1945
8 0 2 0 1 20 25 5 1945
8 0 2 0 2 23 26 3 1945
8 0 2 0 3 24 25 1 1945
8 0 2 0 4 14 14 0 1945
8 0 2 0 5 9 9 0 1945
8 0 2 0 6 8 8 0 1945
8 0 2 0 7 6 6 0 1945
8 0 2 0 8 5 5 0 1945
8 0 2 0 9 5 5 0 1945
8 0 2 0 12 1 1 0 1945
8 0 2 0 13 2 2 0 1945
8 0 2 1 -13 0 1 1 1945
8 0 2 1 -12 0 2 2 1945
8 0 2 1 -10 0 2 2 1945
8 0 2 1 -9 0 2 2 1945
8 0 2 1 -7 0 3 3 1945
8 0 2 1 -6 0 4 4 1945
8 0 2 1 -5 0 8 8 1945
8 0 2 1 -4 0 11 11 1945
8 0 2 1 -3 0 9 9 1945
8 0 2 1 -2 1 22 21 1945
8 0 2 1 -1 1 13 12 1945
8 0 2 1 0 8 25 17 1945
8 0 2 1 1 13 17 4 1945
8 0 2 1 2 18 20 2 1945
8 0 2 1 3 9 9 0 1945
8 0 2 1 4 10 10 0 1945
8 0 2 1 5 6 6 0 1945
8 0 2 1 6 7 7 0 1945
8 0 2 1 7 4 4 0 1945
8 0 2 1 8 2 2 0 1945
8 0 2 1 9 3 3 0 1945
8 0 2 1 10 1 1 0 1945
8 0 2 1 11 1 1 0 1945
8 0 2 1 13 1 1 0 1945
8 0 2 10 -12 0 1 1 1945
8 0 2 10 -11 0 1 1 1945
8 0 2 10 -7 0 4 4 1945
8 0 2 10 -6 0 5 5 1945
8 0 2 10 -5 0 1 1 1945
8 0 2 10 -4 0 5 5 1945
8 0 2 10 -3 0 9 9 1945
8 0 2 10 -2 1 17 16 1945
8 0 2 10 -1 0 8 8 1945
8 0 2 10 0 2 14 12 1945
8 0 2 10 1 6 9 3 1945
8 0 2 10 2 6 6 0 1945
8 0 2 10 3 8 9 1 1945
8 0 2 10 4 4 4 0 1945
8 0 2 10 5 3 3 0 1945
8 0 2 10 6 1 1 0 1945
8 0 2 10 11 1 1 0 1945
8 0 2 11 -12 0 1 1 1945
8 0 2 11 -8 0 1 1 1945
8 0 2 11 -7 0 1 1 1945
8 0 2 11 -6 0 2 2 1945
8 0 2 11 -5 0 3 3 1945
8 0 2 11 -4 0 6 6 1945
8 0 2 11 -3 0 6 6 1945
8 0 2 11 -2 0 10 10 1945
8 0 2 11 -1 0 6 6 1945
8 0 2 11 0 2 10 8 1945
8 0 2 11 1 5 9 4 1945
8 0 2 11 2 10 11 1 1945
8 0 2 11 3 5 5 0 1945
8 0 2 11 4 5 5 0 1945
8 0 2 11 5 4 4 0 1945
8 0 2 11 7 1 1 0 1945
8 0 2 11 9 1 1 0 1945
8 0 2 100 -8 0 1 1 1945
8 0 2 100 -7 0 1 1 1945
8 0 2 100 -6 0 2 2 1945
8 0 2 100 -5 0 4 4 1945
8 0 2 100 -4 0 2 2 1945
8 0 2 100 -3 1 7 6 1945
8 0 2 100 -2 0 2 2 1945
8 0 2 100 -1 1 6 5 1945
8 0 2 100 0 2 5 3 1945
8 0 2 100 2 2 2 0 1945
8 0 2 100 3 2 2 0 1945
8 0 2 100 5 1 1 0 1945
8 0 2 100 7 1 1 0 1945
8 0 2 101 -9 0 1 1 1945
8 0 2 101 -8 0 1 1 1945
8 0 2 101 -7 0 2 2 1945
8 0 2 101 -6 0 1 1 1945
8 0 2 101 -5 0 2 2 1945
8 0 2 101 -3 0 1 1 1945
8 0 2 101 -2 0 3 3 1945
8 0 2 101 -1 0 4 4 1945
8 0 2 101 0 1 5 4 1945
8 0 2 101 1 2 3 1 1945
8 0 2 101 2 1 1 0 1945
8 0 2 101 3 7 7 0 1945
8 0 2 101 11 1 1 0 1945
8 0 2 110 -8 0 1 1 1945
8 0 2 110 -7 0 1 1 1945
8 0 2 110 -5 0 3 3 1945
8 0 2 110 -4 0 1 1 1945
8 0 2 110 -3 0 2 2 1945
8 0 2 110 -2 0 4 4 1945
8 0 2 110 -1 0 5 5 1945
8 0 2 110 0 0 1 1 1945
8 0 2 110 1 1 1 0 1945
8 0 2 110 2 4 4 0 1945
8 0 2 110 5 2 2 0 1945
8 0 2 110 8 1 1 0 1945
8 0 2 111 -5 0 1 1 1945
8 0 2 111 -4 0 2 2 1945
8 0 2 111 -3 0 3 3 1945
8 0 2 111 -2 0 6 6 1945
8 0 2 111 -1 0 3 3 1945
8 0 2 111 1 1 2 1 1945
8 0 2 111 2 3 3 0 1945
8 0 2 111 3 1 1 0 1945
8 0 2 111 5 1 1 0 1945
8 1 0 0 -13 0 1 1 1945
8 1 0 0 -12 0 3 3 1945
8 1 0 0 -11 0 1 1 1945
8 1 0 0 -10 0 3 3 1945
8 1 0 0 -9 0 6 6 1945
8 1 0 0 -8 0 4 4 1945
8 1 0 0 -7 0 16 16 1945
8 1 0 0 -6 0 11 11 1945
8 1 0 0 -5 0 21 21 1945
8 1 0 0 -4 0 30 30 1945
8 1 0 0 -3 1 44 43 1945
8 1 0 0 -2 3 64 61 1945
8 1 0 0 -1 4 46 42 1945
8 1 0 0 0 17 62 45 1945
8 1 0 0 1 43 51 8 1945
8 1 0 0 2 44 48 4 1945
8 1 0 0 3 47 48 1 1945
8 1 0 0 4 24 24 0 1945
8 1 0 0 5 18 18 0 1945
8 1 0 0 6 13 13 0 1945
8 1 0 0 7 10 10 0 1945
8 1 0 0 8 6 6 0 1945
8 1 0 0 9 6 6 0 1945
8 1 0 0 10 2 2 0 1945
8 1 0 0 11 2 2 0 1945
8 1 0 0 12 1 1 0 1945
8 1 0 0 13 1 1 0 1945
8 1 0 1 -11 0 1 1 1945
8 1 0 1 -9 0 1 1 1945
8 1 0 1 -8 0 1 1 1945
8 1 0 1 -7 0 5 5 1945
8 1 0 1 -6 0 3 3 1945
8 1 0 1 -5 0 4 4 1945
8 1 0 1 -4 0 9 9 1945
8 1 0 1 -3 1 12 11 1945
8 1 0 1 -2 1 20 19 1945
8 1 0 1 -1 1 10 9 1945
8 1 0 1 0 7 21 14 1945
8 1 0 1 1 8 10 2 1945
8 1 0 1 2 19 20 1 1945
8 1 0 1 3 15 16 1 1945
8 1 0 1 4 6 6 0 1945
8 1 0 1 5 5 5 0 1945
8 1 0 1 6 4 4 0 1945
8 1 0 1 7 2 2 0 1945
8 1 0 1 8 1 1 0 1945
8 1 0 1 9 1 1 0 1945
8 1 0 10 -8 0 1 1 1945
8 1 0 10 -4 0 1 1 1945
8 1 0 10 -3 0 2 2 1945
8 1 0 10 -2 0 2 2 1945
8 1 0 10 -1 0 4 4 1945
8 1 0 10 0 1 4 3 1945
8 1 0 10 1 4 4 0 1945
8 1 0 10 2 2 2 0 1945
8 1 0 10 3 7 7 0 1945
8 1 0 10 4 2 2 0 1945
8 1 0 11 -9 0 1 1 1945
8 1 0 11 -7 0 3 3 1945
8 1 0 11 -5 0 2 2 1945
8 1 0 11 -4 0 6 6 1945
8 1 0 11 -3 0 3 3 1945
8 1 0 11 -2 1 3 2 1945
8 1 0 11 -1 0 1 1 1945
8 1 0 11 0 2 2 0 1945
8 1 0 11 1 1 1 0 1945
8 1 0 11 2 4 4 0 1945
8 1 0 11 3 5 5 0 1945
8 1 0 11 4 1 1 0 1945
8 1 0 11 5 1 1 0 1945
8 1 0 11 7 2 2 0 1945
8 1 0 100 -5 0 1 1 1945
8 1 0 100 -2 0 1 1 1945
8 1 0 100 -1 1 1 0 1945
8 1 0 100 1 1 1 0 1945
8 1 0 100 2 2 2 0 1945
8 1 0 100 3 1 1 0 1945
8 1 0 100 4 1 1 0 1945
8 1 0 100 5 1 1 0 1945
8 1 0 100 9 1 1 0 1945
8 1 0 101 -4 0 1 1 1945
8 1 0 101 -3 0 2 2 1945
8 1 0 101 -2 0 1 1 1945
8 1 0 101 -1 0 1 1 1945
8 1 0 101 0 0 3 3 1945
8 1 0 101 3 1 1 0 1945
8 1 0 101 4 2 2 0 1945
8 1 0 101 8 1 1 0 1945
8 1 0 110 -7 0 1 1 1945
8 1 0 110 -6 0 1 1 1945
8 1 0 110 -3 0 4 4 1945
8 1 0 110 -2 0 2 2 1945
8 1 0 110 -1 0 1 1 1945
8 1 0 110 1 1 1 0 1945
8 1 0 110 3 1 1 0 1945
8 1 0 111 -7 0 1 1 1945
8 1 0 111 -1 0 1 1 1945
8 1 0 111 1 1 1 0 1945
8 1 0 111 2 1 1 0 1945
8 1 0 111 3 1 1 0 1945
8 1 0 111 5 1 1 0 1945
8 1 0 111 7 1 1 0 1945
8 1 0 111 8 1 1 0 1945
8 1 1 0 -13 0 1 1 1945
8 1 1 0 -12 0 3 3 1945
8 1 1 0 -10 0 3 3 1945
8 1 1 0 -9 0 4 4 1945
8 1 1 0 -8 0 2 2 1945
8 1 1 0 -7 0 11 11 1945
8 1 1 0 -6 0 8 8 1945
8 1 1 0 -5 0 16 16 1945
8 1 1 0 -4 0 21 21 1945
8 1 1 0 -3 0 31 31 1945
8 1 1 0 -2 2 42 40 1945
8 1 1 0 -1 1 36 35 1945
8 1 1 0 0 9 42 33 1945
8 1 1 0 1 32 38 6 1945
8 1 1 0 2 27 30 3 1945
8 1 1 0 3 30 30 0 1945
8 1 1 0 4 20 20 0 1945
8 1 1 0 5 14 14 0 1945
8 1 1 0 6 11 11 0 1945
8 1 1 0 7 7 7 0 1945
8 1 1 0 8 5 5 0 1945
8 1 1 0 9 4 4 0 1945
8 1 1 0 10 2 2 0 1945
8 1 1 0 11 2 2 0 1945
8 1 1 0 12 1 1 0 1945
8 1 1 0 13 1 1 0 1945
8 1 1 1 -12 0 2 2 1945
8 1 1 1 -11 0 1 1 1945
8 1 1 1 -10 0 2 2 1945
8 1 1 1 -8 0 2 2 1945
8 1 1 1 -7 0 3 3 1945
8 1 1 1 -6 0 3 3 1945
8 1 1 1 -5 0 7 7 1945
8 1 1 1 -4 0 12 12 1945
8 1 1 1 -3 1 15 14 1945
8 1 1 1 -2 2 21 19 1945
8 1 1 1 -1 2 15 13 1945
8 1 1 1 0 5 24 19 1945
8 1 1 1 1 11 16 5 1945
8 1 1 1 2 21 22 1 1945
8 1 1 1 3 17 17 0 1945
8 1 1 1 4 6 6 0 1945
8 1 1 1 5 5 5 0 1945
8 1 1 1 6 4 4 0 1945
8 1 1 1 7 1 1 0 1945
8 1 1 1 8 1 1 0 1945
8 1 1 1 9 1 1 0 1945
8 1 1 1 10 1 1 0 1945
8 1 1 1 11 1 1 0 1945
8 1 1 10 -9 0 1 1 1945
8 1 1 10 -8 0 1 1 1945
8 1 1 10 -7 0 2 2 1945
8 1 1 10 -6 0 2 2 1945
8 1 1 10 -5 0 3 3 1945
8 1 1 10 -4 0 3 3 1945
8 1 1 10 -3 0 3 3 1945
8 1 1 10 -2 0 3 3 1945
8 1 1 10 -1 0 8 8 1945
8 1 1 10 0 5 13 8 1945
8 1 1 10 1 7 10 3 1945
8 1 1 10 2 14 16 2 1945
8 1 1 10 3 8 9 1 1945
8 1 1 10 4 5 5 0 1945
8 1 1 10 5 3 3 0 1945
8 1 1 10 6 1 1 0 1945
8 1 1 10 7 1 1 0 1945
8 1 1 10 8 1 1 0 1945
8 1 1 10 9 1 1 0 1945
8 1 1 10 11 1 1 0 1945
8 1 1 10 12 1 1 0 1945
8 1 1 11 -10 0 1 1 1945
8 1 1 11 -9 0 1 1 1945
8 1 1 11 -8 0 2 2 1945
8 1 1 11 -7 0 2 2 1945
8 1 1 11 -6 0 2 2 1945
8 1 1 11 -5 0 3 3 1945
8 1 1 11 -4 0 3 3 1945
8 1 1 11 -3 0 8 8 1945
8 1 1 11 -2 2 5 3 1945
8 1 1 11 -1 1 4 3 1945
8 1 1 11 0 4 13 9 1945
8 1 1 11 1 3 3 0 1945
8 1 1 11 2 9 10 1 1945
8 1 1 11 3 12 12 0 1945
8 1 1 11 4 4 4 0 1945
8 1 1 11 5 2 2 0 1945
8 1 1 11 6 2 2 0 1945
8 1 1 11 9 2 2 0 1945
8 1 1 11 10 2 2 0 1945
8 1 1 100 -6 0 1 1 1945
8 1 1 100 -5 0 1 1 1945
8 1 1 100 -3 0 1 1 1945
8 1 1 100 -1 0 5 5 1945
8 1 1 100 0 2 3 1 1945
8 1 1 100 1 1 1 0 1945
8 1 1 100 2 1 1 0 1945
8 1 1 100 3 8 8 0 1945
8 1 1 100 4 1 1 0 1945
8 1 1 100 5 2 2 0 1945
8 1 1 100 6 1 1 0 1945
8 1 1 100 9 1 1 0 1945
8 1 1 100 10 1 1 0 1945
8 1 1 101 -4 0 4 4 1945
8 1 1 101 -3 0 3 3 1945
8 1 1 101 -2 0 3 3 1945
8 1 1 101 -1 0 4 4 1945
8 1 1 101 0 1 2 1 1945
8 1 1 101 1 2 2 0 1945
8 1 1 101 2 4 4 0 1945
8 1 1 101 3 5 5 0 1945
8 1 1 101 4 5 5 0 1945
8 1 1 101 5 1 1 0 1945
8 1 1 101 6 3 3 0 1945
8 1 1 101 9 1 1 0 1945
8 1 1 110 -7 0 2 2 1945
8 1 1 110 -4 0 1 1 1945
8 1 1 110 -3 0 4 4 1945
8 1 1 110 -2 0 1 1 1945
8 1 1 110 -1 1 1 0 1945
8 1 1 110 0 1 1 0 1945
8 1 1 110 1 1 2 1 1945
8 1 1 110 2 1 1 0 1945
8 1 1 110 3 2 2 0 1945
8 1 1 110 4 1 1 0 1945
8 1 1 110 8 1 1 0 1945
8 1 1 111 -6 0 1 1 1945
8 1 1 111 -4 0 1 1 1945
8 1 1 111 -3 0 6 6 1945
8 1 1 111 -2 1 3 2 1945
8 1 1 111 -1 0 1 1 1945
8 1 1 111 0 2 2 0 1945
8 1 1 111 1 2 3 1 1945
8 1 1 111 2 1 1 0 1945
8 1 1 111 3 2 2 0 1945
8 1 1 111 4 2 2 0 1945
8 1 1 111 5 1 1 0 1945
8 1 1 111 6 1 1 0 1945
8 1 1 111 10 1 1 0 1945
8 1 2 0 -13 0 1 1 1945
8 1 2 0 -12 0 1 1 1945
8 1 2 0 -10 0 1 1 1945
8 1 2 0 -9 0 3 3 1945
8 1 2 0 -8 0 2 2 1945
8 1 2 0 -7 0 7 7 1945
8 1 2 0 -6 0 9 9 1945
8 1 2 0 -5 0 9 9 1945
8 1 2 0 -4 0 11 11 1945
8 1 2 0 -3 0 21 21 1945
8 1 2 0 -2 0 37 37 1945
8 1 2 0 -1 0 29 29 1945
8 1 2 0 0 1 25 24 1945
8 1 2 0 1 26 27 1 1945
8 1 2 0 2 15 18 3 1945
8 1 2 0 3 19 19 0 1945
8 1 2 0 4 20 20 0 1945
8 1 2 0 5 10 10 0 1945
8 1 2 0 6 13 13 0 1945
8 1 2 0 7 6 6 0 1945
8 1 2 0 8 5 5 0 1945
8 1 2 0 9 5 5 0 1945
8 1 2 0 10 1 1 0 1945
8 1 2 0 11 1 1 0 1945
8 1 2 0 12 1 1 0 1945
8 1 2 0 13 1 1 0 1945
8 1 2 1 -12 0 2 2 1945
8 1 2 1 -10 0 1 1 1945
8 1 2 1 -9 0 1 1 1945
8 1 2 1 -8 0 1 1 1945
8 1 2 1 -7 0 5 5 1945
8 1 2 1 -6 0 3 3 1945
8 1 2 1 -5 0 5 5 1945
8 1 2 1 -4 0 10 10 1945
8 1 2 1 -3 1 13 12 1945
8 1 2 1 -2 0 21 21 1945
8 1 2 1 -1 1 13 12 1945
8 1 2 1 0 2 16 14 1945
8 1 2 1 1 16 19 3 1945
8 1 2 1 2 8 9 1 1945
8 1 2 1 3 17 17 0 1945
8 1 2 1 4 12 12 0 1945
8 1 2 1 5 5 5 0 1945
8 1 2 1 6 7 7 0 1945
8 1 2 1 7 7 7 0 1945
8 1 2 1 8 4 4 0 1945
8 1 2 1 9 2 2 0 1945
8 1 2 1 11 1 1 0 1945
8 1 2 10 -11 0 1 1 1945
8 1 2 10 -10 0 1 1 1945
8 1 2 10 -6 0 1 1 1945
8 1 2 10 -5 0 4 4 1945
8 1 2 10 -4 0 1 1 1945
8 1 2 10 -3 0 1 1 1945
8 1 2 10 -2 0 4 4 1945
8 1 2 10 -1 0 9 9 1945
8 1 2 10 0 3 14 11 1945
8 1 2 10 1 7 8 1 1945
8 1 2 10 2 9 10 1 1945
8 1 2 10 3 8 9 1 1945
8 1 2 10 4 7 7 0 1945
8 1 2 10 5 5 5 0 1945
8 1 2 10 6 4 4 0 1945
8 1 2 10 7 2 2 0 1945
8 1 2 10 8 2 2 0 1945
8 1 2 10 12 1 1 0 1945
8 1 2 11 -12 0 1 1 1945
8 1 2 11 -10 0 1 1 1945
8 1 2 11 -9 0 1 1 1945
8 1 2 11 -8 0 1 1 1945
8 1 2 11 -7 0 4 4 1945
8 1 2 11 -6 0 1 1 1945
8 1 2 11 -5 0 3 3 1945
8 1 2 11 -4 0 8 8 1945
8 1 2 11 -3 0 7 7 1945
8 1 2 11 -2 1 10 9 1945
8 1 2 11 -1 2 9 7 1945
8 1 2 11 0 4 16 12 1945
8 1 2 11 1 9 10 1 1945
8 1 2 11 2 5 6 1 1945
8 1 2 11 3 11 11 0 1945
8 1 2 11 4 8 8 0 1945
8 1 2 11 5 3 3 0 1945
8 1 2 11 6 7 7 0 1945
8 1 2 11 8 1 1 0 1945
8 1 2 100 -9 0 1 1 1945
8 1 2 100 -8 0 1 1 1945
8 1 2 100 -7 0 1 1 1945
8 1 2 100 -6 0 1 1 1945
8 1 2 100 -5 0 2 2 1945
8 1 2 100 -3 0 1 1 1945
8 1 2 100 -2 1 4 3 1945
8 1 2 100 -1 0 4 4 1945
8 1 2 100 0 0 4 4 1945
8 1 2 100 1 2 3 1 1945
8 1 2 100 2 4 4 0 1945
8 1 2 100 3 3 3 0 1945
8 1 2 100 4 4 4 0 1945
8 1 2 100 5 2 2 0 1945
8 1 2 100 6 1 1 0 1945
8 1 2 100 7 1 1 0 1945
8 1 2 100 8 1 1 0 1945
8 1 2 100 9 1 1 0 1945
8 1 2 101 -12 0 1 1 1945
8 1 2 101 -6 0 1 1 1945
8 1 2 101 -5 0 4 4 1945
8 1 2 101 -4 0 3 3 1945
8 1 2 101 -3 0 1 1 1945
8 1 2 101 -2 0 3 3 1945
8 1 2 101 -1 0 5 5 1945
8 1 2 101 0 1 3 2 1945
8 1 2 101 1 4 5 1 1945
8 1 2 101 2 2 2 0 1945
8 1 2 101 3 1 1 0 1945
8 1 2 101 4 2 2 0 1945
8 1 2 101 5 2 2 0 1945
8 1 2 101 6 1 1 0 1945
8 1 2 101 10 1 1 0 1945
8 1 2 110 -7 0 4 4 1945
8 1 2 110 -6 0 1 1 1945
8 1 2 110 -3 0 1 1 1945
8 1 2 110 -2 0 2 2 1945
8 1 2 110 -1 0 1 1 1945
8 1 2 110 0 0 4 4 1945
8 1 2 110 1 1 1 0 1945
8 1 2 110 2 3 3 0 1945
8 1 2 110 3 3 3 0 1945
8 1 2 110 4 3 3 0 1945
8 1 2 110 6 2 2 0 1945
8 1 2 110 9 1 1 0 1945
8 1 2 110 11 1 1 0 1945
8 1 2 111 -12 0 1 1 1945
8 1 2 111 -7 0 1 1 1945
8 1 2 111 -6 0 1 1 1945
8 1 2 111 -5 0 1 1 1945
8 1 2 111 -4 0 2 2 1945
8 1 2 111 -3 0 2 2 1945
8 1 2 111 -2 0 2 2 1945
8 1 2 111 -1 1 5 4 1945
8 1 2 111 0 0 3 3 1945
8 1 2 111 1 2 3 1 1945
8 1 2 111 2 1 1 0 1945
8 1 2 111 3 2 2 0 1945
8 1 2 111 4 3 3 0 1945
8 1 2 111 8 1 1 0 1945
8 1 2 111 9 1 1 0 1945
8 1 2 111 10 1 1 0 1945
9 0 0 0 -13 0 1 1 1945
9 0 0 0 -12 0 3 3 1945
9 0 0 0 -11 0 1 1 1945
9 0 0 0 -10 0 2 2 1945
9 0 0 0 -9 0 5 5 1945
9 0 0 0 -8 0 3 3 1945
9 0 0 0 -7 0 11 11 1945
9 0 0 0 -6 0 12 12 1945
9 0 0 0 -5 0 17 17 1945
9 0 0 0 -4 0 27 27 1945
9 0 0 0 -3 0 36 36 1945
9 0 0 0 -2 0 61 61 1945
9 0 0 0 -1 0 51 51 1945
9 0 0 0 0 0 57 57 1945
9 0 0 0 1 41 49 8 1945
9 0 0 0 2 41 47 6 1945
9 0 0 0 3 40 41 1 1945
9 0 0 0 4 36 36 0 1945
9 0 0 0 5 20 20 0 1945
9 0 0 0 6 20 20 0 1945
9 0 0 0 7 12 12 0 1945
9 0 0 0 8 8 8 0 1945
9 0 0 0 9 7 7 0 1945
9 0 0 0 10 3 3 0 1945
9 0 0 0 11 4 4 0 1945
9 0 0 0 12 2 2 0 1945
9 0 0 0 13 1 1 0 1945
9 0 0 1 -12 0 1 1 1945
9 0 0 1 -10 0 1 1 1945
9 0 0 1 -9 0 1 1 1945
9 0 0 1 -8 0 2 2 1945
9 0 0 1 -7 0 3 3 1945
9 0 0 1 -6 0 3 3 1945
9 0 0 1 -5 0 5 5 1945
9 0 0 1 -4 0 5 5 1945
9 0 0 1 -3 0 8 8 1945
9 0 0 1 -2 0 18 18 1945
9 0 0 1 -1 0 17 17 1945
9 0 0 1 0 0 12 12 1945
9 0 0 1 1 9 14 5 1945
9 0 0 1 2 10 13 3 1945
9 0 0 1 3 10 11 1 1945
9 0 0 1 4 10 10 0 1945
9 0 0 1 5 5 5 0 1945
9 0 0 1 6 6 6 0 1945
9 0 0 1 7 3 3 0 1945
9 0 0 1 8 1 1 0 1945
9 0 0 1 9 2 2 0 1945
9 0 0 1 10 2 2 0 1945
9 0 0 1 11 2 2 0 1945
9 0 0 1 12 1 1 0 1945
9 0 0 1 13 1 1 0 1945
9 0 0 10 -10 0 1 1 1945
9 0 0 10 -7 0 1 1 1945
9 0 0 10 -6 0 2 2 1945
9 0 0 10 -5 0 3 3 1945
9 0 0 10 -4 0 1 1 1945
9 0 0 10 -3 0 2 2 1945
9 0 0 10 -2 0 4 4 1945
9 0 0 10 -1 0 1 1 1945
9 0 0 10 0 0 5 5 1945
9 0 0 10 1 0 1 1 1945
9 0 0 10 2 1 1 0 1945
9 0 0 10 3 1 1 0 1945
9 0 0 10 4 1 1 0 1945
9 0 0 10 5 2 2 0 1945
9 0 0 10 6 1 1 0 1945
9 0 0 10 7 1 1 0 1945
9 0 0 11 -12 0 1 1 1945
9 0 0 11 -10 0 1 1 1945
9 0 0 11 -8 0 1 1 1945
9 0 0 11 -7 0 1 1 1945
9 0 0 11 -6 0 1 1 1945
9 0 0 11 -5 0 1 1 1945
9 0 0 11 -4 0 1 1 1945
9 0 0 11 -3 0 1 1 1945
9 0 0 11 -2 0 2 2 1945
9 0 0 11 -1 0 3 3 1945
9 0 0 11 0 0 1 1 1945
9 0 0 11 1 2 2 0 1945
9 0 0 11 2 4 4 0 1945
9 0 0 11 3 1 2 1 1945
9 0 0 11 4 4 4 0 1945
9 0 0 11 5 2 2 0 1945
9 0 0 11 6 2 2 0 1945
9 0 0 11 7 1 1 0 1945
9 0 0 11 11 1 1 0 1945
9 0 0 100 -5 0 2 2 1945
9 0 0 100 0 0 2 2 1945
9 0 0 100 1 1 3 2 1945
9 0 0 100 5 1 1 0 1945
9 0 0 100 6 1 1 0 1945
9 0 0 101 -8 0 1 1 1945
9 0 0 101 -5 0 1 1 1945
9 0 0 101 -3 0 1 1 1945
9 0 0 101 -2 0 2 2 1945
9 0 0 101 -1 0 2 2 1945
9 0 0 101 0 0 3 3 1945
9 0 0 101 1 0 3 3 1945
9 0 0 101 3 1 1 0 1945
9 0 0 110 -3 0 1 1 1945
9 0 0 110 -2 0 2 2 1945
9 0 0 110 -1 0 2 2 1945
9 0 0 110 2 0 1 1 1945
9 0 0 110 7 2 2 0 1945
9 0 0 111 -6 0 1 1 1945
9 0 0 111 -3 0 1 1 1945
9 0 0 111 -1 0 2 2 1945
9 0 0 111 0 0 1 1 1945
9 0 0 111 1 0 1 1 1945
9 0 0 111 2 1 1 0 1945
9 0 0 111 3 1 2 1 1945
9 0 0 111 5 1 1 0 1945
9 0 0 111 7 1 1 0 1945
9 0 0 111 11 1 1 0 1945
9 0 1 0 -13 0 1 1 1945
9 0 1 0 -12 0 2 2 1945
9 0 1 0 -11 0 1 1 1945
9 0 1 0 -9 0 4 4 1945
9 0 1 0 -8 0 2 2 1945
9 0 1 0 -7 0 10 10 1945
9 0 1 0 -6 0 10 10 1945
9 0 1 0 -5 0 7 7 1945
9 0 1 0 -4 0 21 21 1945
9 0 1 0 -3 0 29 29 1945
9 0 1 0 -2 0 39 39 1945
9 0 1 0 -1 0 35 35 1945
9 0 1 0 0 0 36 36 1945
9 0 1 0 1 31 33 2 1945
9 0 1 0 2 31 33 2 1945
9 0 1 0 3 29 29 0 1945
9 0 1 0 4 27 27 0 1945
9 0 1 0 5 13 13 0 1945
9 0 1 0 6 12 12 0 1945
9 0 1 0 7 8 8 0 1945
9 0 1 0 8 7 7 0 1945
9 0 1 0 9 5 5 0 1945
9 0 1 0 10 1 1 0 1945
9 0 1 0 11 2 2 0 1945
9 0 1 0 12 1 1 0 1945
9 0 1 1 -13 0 1 1 1945
9 0 1 1 -12 0 1 1 1945
9 0 1 1 -8 0 1 1 1945
9 0 1 1 -7 0 4 4 1945
9 0 1 1 -6 0 5 5 1945
9 0 1 1 -5 0 5 5 1945
9 0 1 1 -4 0 5 5 1945
9 0 1 1 -3 0 17 17 1945
9 0 1 1 -2 0 12 12 1945
9 0 1 1 -1 0 20 20 1945
9 0 1 1 0 0 14 14 1945
9 0 1 1 1 5 6 1 1945
9 0 1 1 2 12 15 3 1945
9 0 1 1 3 11 11 0 1945
9 0 1 1 4 14 14 0 1945
9 0 1 1 5 7 7 0 1945
9 0 1 1 6 6 6 0 1945
9 0 1 1 7 2 2 0 1945
9 0 1 1 8 4 4 0 1945
9 0 1 1 9 2 2 0 1945
9 0 1 1 10 3 3 0 1945
9 0 1 1 11 2 2 0 1945
9 0 1 10 -16 0 1 1 1945
9 0 1 10 -14 0 1 1 1945
9 0 1 10 -12 0 1 1 1945
9 0 1 10 -10 0 1 1 1945
9 0 1 10 -7 0 5 5 1945
9 0 1 10 -6 0 3 3 1945
9 0 1 10 -5 0 2 2 1945
9 0 1 10 -4 0 3 3 1945
9 0 1 10 -3 0 7 7 1945
9 0 1 10 -2 0 12 12 1945
9 0 1 10 -1 0 10 10 1945
9 0 1 10 0 0 12 12 1945
9 0 1 10 1 3 5 2 1945
9 0 1 10 2 1 1 0 1945
9 0 1 10 3 3 3 0 1945
9 0 1 10 4 1 1 0 1945
9 0 1 10 5 3 3 0 1945
9 0 1 10 6 1 1 0 1945
9 0 1 10 7 1 1 0 1945
9 0 1 10 9 1 1 0 1945
9 0 1 11 -15 0 1 1 1945
9 0 1 11 -14 0 1 1 1945
9 0 1 11 -12 0 1 1 1945
9 0 1 11 -11 0 1 1 1945
9 0 1 11 -8 0 1 1 1945
9 0 1 11 -7 0 3 3 1945
9 0 1 11 -6 0 1 1 1945
9 0 1 11 -5 0 5 5 1945
9 0 1 11 -4 0 5 5 1945
9 0 1 11 -3 0 7 7 1945
9 0 1 11 -2 0 2 2 1945
9 0 1 11 -1 0 11 11 1945
9 0 1 11 0 0 4 4 1945
9 0 1 11 1 4 5 1 1945
9 0 1 11 2 3 6 3 1945
9 0 1 11 3 2 2 0 1945
9 0 1 11 4 4 4 0 1945
9 0 1 11 5 2 2 0 1945
9 0 1 11 6 3 3 0 1945
9 0 1 11 7 1 1 0 1945
9 0 1 11 8 1 1 0 1945
9 0 1 11 9 1 1 0 1945
9 0 1 11 10 2 2 0 1945
9 0 1 11 11 1 1 0 1945
9 0 1 100 -14 0 1 1 1945
9 0 1 100 -9 0 1 1 1945
9 0 1 100 -6 0 1 1 1945
9 0 1 100 -5 0 2 2 1945
9 0 1 100 -4 0 1 1 1945
9 0 1 100 -3 0 1 1 1945
9 0 1 100 -2 0 4 4 1945
9 0 1 100 0 0 3 3 1945
9 0 1 100 1 2 3 1 1945
9 0 1 100 3 1 1 0 1945
9 0 1 100 4 1 1 0 1945
9 0 1 100 7 1 1 0 1945
9 0 1 100 13 1 1 0 1945
9 0 1 101 -14 0 1 1 1945
9 0 1 101 -10 0 1 1 1945
9 0 1 101 -6 0 1 1 1945
9 0 1 101 -5 0 2 2 1945
9 0 1 101 -3 0 3 3 1945
9 0 1 101 -2 0 6 6 1945
9 0 1 101 -1 0 4 4 1945
9 0 1 101 2 1 2 1 1945
9 0 1 101 4 2 2 0 1945
9 0 1 101 6 2 2 0 1945
9 0 1 101 11 1 1 0 1945
9 0 1 110 -10 0 1 1 1945
9 0 1 110 -8 0 1 1 1945
9 0 1 110 -7 0 1 1 1945
9 0 1 110 -6 0 1 1 1945
9 0 1 110 -5 0 2 2 1945
9 0 1 110 -4 0 4 4 1945
9 0 1 110 -3 0 1 1 1945
9 0 1 110 -2 0 4 4 1945
9 0 1 110 -1 0 4 4 1945
9 0 1 110 0 0 1 1 1945
9 0 1 110 1 2 2 0 1945
9 0 1 110 2 1 1 0 1945
9 0 1 110 4 1 1 0 1945
9 0 1 110 5 1 1 0 1945
9 0 1 110 6 2 2 0 1945
9 0 1 110 7 1 1 0 1945
9 0 1 110 11 1 1 0 1945
9 0 1 111 -5 0 1 1 1945
9 0 1 111 -4 0 1 1 1945
9 0 1 111 -3 0 2 2 1945
9 0 1 111 -2 0 5 5 1945
9 0 1 111 -1 0 5 5 1945
9 0 1 111 0 0 1 1 1945
9 0 1 111 1 1 1 0 1945
9 0 1 111 2 2 3 1 1945
9 0 1 111 3 1 1 0 1945
9 0 1 111 4 1 1 0 1945
9 0 1 111 5 1 1 0 1945
9 0 1 111 6 1 1 0 1945
9 0 1 111 11 1 1 0 1945
9 0 2 0 -17 0 1 1 1945
9 0 2 0 -11 0 1 1 1945
9 0 2 0 -10 0 1 1 1945
9 0 2 0 -9 0 5 5 1945
9 0 2 0 -8 0 2 2 1945
9 0 2 0 -7 0 6 6 1945
9 0 2 0 -6 0 9 9 1945
9 0 2 0 -5 0 5 5 1945
9 0 2 0 -4 0 21 21 1945
9 0 2 0 -3 0 22 22 1945
9 0 2 0 -2 0 29 29 1945
9 0 2 0 -1 0 27 27 1945
9 0 2 0 0 0 28 28 1945
9 0 2 0 1 30 31 1 1945
9 0 2 0 2 27 28 1 1945
9 0 2 0 3 24 24 0 1945
9 0 2 0 4 17 17 0 1945
9 0 2 0 5 7 7 0 1945
9 0 2 0 6 10 10 0 1945
9 0 2 0 7 5 5 0 1945
9 0 2 0 8 4 4 0 1945
9 0 2 0 9 4 4 0 1945
9 0 2 0 11 1 1 0 1945
9 0 2 0 12 3 3 0 1945
9 0 2 1 -9 0 3 3 1945
9 0 2 1 -8 0 4 4 1945
9 0 2 1 -7 0 6 6 1945
9 0 2 1 -6 0 2 2 1945
9 0 2 1 -5 0 3 3 1945
9 0 2 1 -4 0 8 8 1945
9 0 2 1 -3 0 16 16 1945
9 0 2 1 -2 0 18 18 1945
9 0 2 1 -1 0 15 15 1945
9 0 2 1 0 0 15 15 1945
9 0 2 1 1 15 15 0 1945
9 0 2 1 2 19 20 1 1945
9 0 2 1 3 9 9 0 1945
9 0 2 1 4 10 10 0 1945
9 0 2 1 5 3 3 0 1945
9 0 2 1 6 3 3 0 1945
9 0 2 1 7 4 4 0 1945
9 0 2 1 8 6 6 0 1945
9 0 2 1 9 3 3 0 1945
9 0 2 10 -16 0 1 1 1945
9 0 2 10 -12 0 1 1 1945
9 0 2 10 -11 0 1 1 1945
9 0 2 10 -9 0 1 1 1945
9 0 2 10 -8 0 1 1 1945
9 0 2 10 -7 0 3 3 1945
9 0 2 10 -6 0 3 3 1945
9 0 2 10 -4 0 4 4 1945
9 0 2 10 -3 0 6 6 1945
9 0 2 10 -2 0 8 8 1945
9 0 2 10 -1 0 8 8 1945
9 0 2 10 0 0 8 8 1945
9 0 2 10 1 5 6 1 1945
9 0 2 10 2 5 6 1 1945
9 0 2 10 3 8 8 0 1945
9 0 2 10 4 4 4 0 1945
9 0 2 10 5 4 4 0 1945
9 0 2 10 6 1 1 0 1945
9 0 2 10 9 1 1 0 1945
9 0 2 10 10 2 2 0 1945
9 0 2 11 -9 0 1 1 1945
9 0 2 11 -8 0 1 1 1945
9 0 2 11 -6 0 4 4 1945
9 0 2 11 -5 0 4 4 1945
9 0 2 11 -4 0 4 4 1945
9 0 2 11 -3 0 8 8 1945
9 0 2 11 -2 0 8 8 1945
9 0 2 11 -1 0 13 13 1945
9 0 2 11 0 0 8 8 1945
9 0 2 11 1 3 5 2 1945
9 0 2 11 2 7 8 1 1945
9 0 2 11 3 5 5 0 1945
9 0 2 11 4 3 3 0 1945
9 0 2 11 5 4 4 0 1945
9 0 2 11 6 2 2 0 1945
9 0 2 11 8 2 2 0 1945
9 0 2 11 9 2 2 0 1945
9 0 2 11 11 1 1 0 1945
9 0 2 100 -10 0 1 1 1945
9 0 2 100 -8 0 2 2 1945
9 0 2 100 -7 0 2 2 1945
9 0 2 100 -4 0 2 2 1945
9 0 2 100 -3 0 3 3 1945
9 0 2 100 -2 0 3 3 1945
9 0 2 100 -1 0 2 2 1945
9 0 2 100 0 0 4 4 1945
9 0 2 100 1 4 4 0 1945
9 0 2 100 3 1 1 0 1945
9 0 2 100 4 4 4 0 1945
9 0 2 100 5 2 2 0 1945
9 0 2 100 7 2 2 0 1945
9 0 2 101 -10 0 1 1 1945
9 0 2 101 -8 0 2 2 1945
9 0 2 101 -7 0 2 2 1945
9 0 2 101 -4 0 1 1 1945
9 0 2 101 -3 0 1 1 1945
9 0 2 101 -2 0 4 4 1945
9 0 2 101 -1 0 2 2 1945
9 0 2 101 0 0 4 4 1945
9 0 2 101 1 0 1 1 1945
9 0 2 101 2 1 1 0 1945
9 0 2 101 3 1 1 0 1945
9 0 2 101 4 2 2 0 1945
9 0 2 101 7 2 2 0 1945
9 0 2 101 8 1 1 0 1945
9 0 2 110 -8 0 1 1 1945
9 0 2 110 -7 0 1 1 1945
9 0 2 110 -5 0 1 1 1945
9 0 2 110 -4 0 1 1 1945
9 0 2 110 -3 0 3 3 1945
9 0 2 110 -2 0 1 1 1945
9 0 2 110 -1 0 2 2 1945
9 0 2 110 0 0 1 1 1945
9 0 2 110 1 4 4 0 1945
9 0 2 110 2 2 2 0 1945
9 0 2 110 4 3 3 0 1945
9 0 2 110 5 1 1 0 1945
9 0 2 110 6 2 2 0 1945
9 0 2 110 7 1 1 0 1945
9 0 2 111 -6 0 1 1 1945
9 0 2 111 -5 0 3 3 1945
9 0 2 111 -4 0 2 2 1945
9 0 2 111 -3 0 2 2 1945
9 0 2 111 -2 0 4 4 1945
9 0 2 111 -1 0 2 2 1945
9 0 2 111 0 0 1 1 1945
9 0 2 111 1 4 4 0 1945
9 0 2 111 2 2 3 1 1945
9 0 2 111 4 1 1 0 1945
9 0 2 111 5 1 1 0 1945
9 0 2 111 6 1 1 0 1945
9 1 0 0 -17 0 1 1 1945
9 1 0 0 -16 0 1 1 1945
9 1 0 0 -12 0 2 2 1945
9 1 0 0 -11 0 2 2 1945
9 1 0 0 -10 0 2 2 1945
9 1 0 0 -9 0 10 10 1945
9 1 0 0 -8 0 7 7 1945
9 1 0 0 -7 0 15 15 1945
9 1 0 0 -6 0 11 11 1945
9 1 0 0 -5 0 12 12 1945
9 1 0 0 -4 0 37 37 1945
9 1 0 0 -3 0 48 48 1945
9 1 0 0 -2 0 51 51 1945
9 1 0 0 -1 0 55 55 1945
9 1 0 0 0 0 51 51 1945
9 1 0 1 -12 0 1 1 1945
9 1 0 1 -11 0 2 2 1945
9 1 0 1 -9 0 6 6 1945
9 1 0 1 -7 0 6 6 1945
9 1 0 1 -6 0 1 1 1945
9 1 0 1 -5 0 2 2 1945
9 1 0 1 -4 0 14 14 1945
9 1 0 1 -3 0 16 16 1945
9 1 0 1 -2 0 21 21 1945
9 1 0 1 -1 0 15 15 1945
9 1 0 1 0 0 25 25 1945
9 1 0 10 -7 0 3 3 1945
9 1 0 10 -6 0 1 1 1945
9 1 0 10 -3 0 2 2 1945
9 1 0 10 -2 0 1 1 1945
9 1 0 10 -1 0 1 1 1945
9 1 0 10 0 0 2 2 1945
9 1 0 11 -11 0 1 1 1945
9 1 0 11 -9 0 2 2 1945
9 1 0 11 -8 0 1 1 1945
9 1 0 11 -6 0 1 1 1945
9 1 0 11 -5 0 1 1 1945
9 1 0 11 -4 0 5 5 1945
9 1 0 11 -3 0 3 3 1945
9 1 0 11 -2 0 7 7 1945
9 1 0 11 -1 0 2 2 1945
9 1 0 11 0 0 3 3 1945
9 1 0 100 -7 0 1 1 1945
9 1 0 100 -6 0 1 1 1945
9 1 0 100 -5 0 1 1 1945
9 1 0 100 -2 0 1 1 1945
9 1 0 100 -1 0 2 2 1945
9 1 0 100 0 0 2 2 1945
9 1 0 101 -7 0 1 1 1945
9 1 0 101 -3 0 1 1 1945
9 1 0 101 -2 0 2 2 1945
9 1 0 101 0 0 1 1 1945
9 1 0 110 -7 0 1 1 1945
9 1 0 110 -4 0 1 1 1945
9 1 0 110 -1 0 2 2 1945
9 1 0 110 0 0 1 1 1945
9 1 0 111 -11 0 1 1 1945
9 1 0 111 -10 0 1 1 1945
9 1 0 111 -2 0 1 1 1945
9 1 0 111 -1 0 1 1 1945
9 1 0 111 0 0 1 1 1945
9 1 1 0 -17 0 1 1 1945
9 1 1 0 -16 0 1 1 1945
9 1 1 0 -12 0 1 1 1945
9 1 1 0 -10 0 2 2 1945
9 1 1 0 -9 0 4 4 1945
9 1 1 0 -8 0 7 7 1945
9 1 1 0 -7 0 7 7 1945
9 1 1 0 -6 0 8 8 1945
9 1 1 0 -5 0 9 9 1945
9 1 1 0 -4 0 23 23 1945
9 1 1 0 -3 0 30 30 1945
9 1 1 0 -2 0 27 27 1945
9 1 1 0 -1 0 34 34 1945
9 1 1 0 0 0 26 26 1945
9 1 1 1 -16 0 1 1 1945
9 1 1 1 -12 0 1 1 1945
9 1 1 1 -11 0 1 1 1945
9 1 1 1 -10 0 1 1 1945
9 1 1 1 -9 0 4 4 1945
9 1 1 1 -8 0 1 1 1945
9 1 1 1 -7 0 4 4 1945
9 1 1 1 -6 0 4 4 1945
9 1 1 1 -5 0 3 3 1945
9 1 1 1 -4 0 10 10 1945
9 1 1 1 -3 0 15 15 1945
9 1 1 1 -2 0 17 17 1945
9 1 1 1 -1 0 19 19 1945
9 1 1 1 0 0 17 17 1945
9 1 1 10 -7 0 1 1 1945
9 1 1 10 -6 0 2 2 1945
9 1 1 10 -5 0 2 2 1945
9 1 1 10 -4 0 3 3 1945
9 1 1 10 -3 0 4 4 1945
9 1 1 10 -2 0 2 2 1945
9 1 1 10 -1 0 9 9 1945
9 1 1 10 0 0 15 15 1945
9 1 1 11 -12 0 1 1 1945
9 1 1 11 -11 0 1 1 1945
9 1 1 11 -9 0 1 1 1945
9 1 1 11 -8 0 1 1 1945
9 1 1 11 -7 0 1 1 1945
9 1 1 11 -6 0 1 1 1945
9 1 1 11 -5 0 1 1 1945
9 1 1 11 -4 0 5 5 1945
9 1 1 11 -3 0 6 6 1945
9 1 1 11 -2 0 8 8 1945
9 1 1 11 -1 0 3 3 1945
9 1 1 11 0 0 12 12 1945
9 1 1 100 -15 0 1 1 1945
9 1 1 100 -7 0 2 2 1945
9 1 1 100 -6 0 1 1 1945
9 1 1 100 -5 0 2 2 1945
9 1 1 100 -2 0 3 3 1945
9 1 1 100 -1 0 3 3 1945
9 1 1 100 0 0 3 3 1945
9 1 1 101 -15 0 1 1 1945
9 1 1 101 -7 0 1 1 1945
9 1 1 101 -3 0 1 1 1945
9 1 1 101 -2 0 2 2 1945
9 1 1 101 -1 0 5 5 1945
9 1 1 101 0 0 5 5 1945
9 1 1 110 -7 0 2 2 1945
9 1 1 110 -6 0 2 2 1945
9 1 1 110 -2 0 3 3 1945
9 1 1 110 -1 0 1 1 1945
9 1 1 110 0 0 3 3 1945
9 1 1 111 -3 0 2 2 1945
9 1 1 111 -2 0 3 3 1945
9 1 1 111 -1 0 6 6 1945
9 1 1 111 0 0 11 11 1945
9 1 2 0 -17 0 1 1 1945
9 1 2 0 -12 0 1 1 1945
9 1 2 0 -10 0 1 1 1945
9 1 2 0 -9 0 4 4 1945
9 1 2 0 -8 0 6 6 1945
9 1 2 0 -7 0 6 6 1945
9 1 2 0 -6 0 4 4 1945
9 1 2 0 -5 0 6 6 1945
9 1 2 0 -4 0 21 21 1945
9 1 2 0 -3 0 28 28 1945
9 1 2 0 -2 0 22 22 1945
9 1 2 0 -1 0 23 23 1945
9 1 2 0 0 0 18 18 1945
9 1 2 1 -17 0 1 1 1945
9 1 2 1 -12 0 1 1 1945
9 1 2 1 -10 0 1 1 1945
9 1 2 1 -9 0 4 4 1945
9 1 2 1 -8 0 2 2 1945
9 1 2 1 -7 0 2 2 1945
9 1 2 1 -6 0 2 2 1945
9 1 2 1 -5 0 1 1 1945
9 1 2 1 -4 0 6 6 1945
9 1 2 1 -3 0 13 13 1945
9 1 2 1 -2 0 17 17 1945
9 1 2 1 -1 0 14 14 1945
9 1 2 1 0 0 16 16 1945
9 1 2 10 -14 0 1 1 1945
9 1 2 10 -7 0 2 2 1945
9 1 2 10 -6 0 2 2 1945
9 1 2 10 -5 0 2 2 1945
9 1 2 10 -4 0 3 3 1945
9 1 2 10 -3 0 8 8 1945
9 1 2 10 -2 0 2 2 1945
9 1 2 10 -1 0 11 11 1945
9 1 2 10 0 0 8 8 1945
9 1 2 11 -12 0 1 1 1945
9 1 2 11 -11 0 2 2 1945
9 1 2 11 -9 0 1 1 1945
9 1 2 11 -8 0 1 1 1945
9 1 2 11 -7 0 2 2 1945
9 1 2 11 -6 0 2 2 1945
9 1 2 11 -5 0 2 2 1945
9 1 2 11 -4 0 7 7 1945
9 1 2 11 -3 0 4 4 1945
9 1 2 11 -2 0 7 7 1945
9 1 2 11 -1 0 5 5 1945
9 1 2 11 0 0 19 19 1945
9 1 2 100 -6 0 2 2 1945
9 1 2 100 -5 0 2 2 1945
9 1 2 100 -4 0 2 2 1945
9 1 2 100 -2 0 3 3 1945
9 1 2 100 -1 0 7 7 1945
9 1 2 100 0 0 2 2 1945
9 1 2 101 -7 0 1 1 1945
9 1 2 101 -6 0 2 2 1945
9 1 2 101 -4 0 3 3 1945
9 1 2 101 -3 0 2 2 1945
9 1 2 101 -2 0 6 6 1945
9 1 2 101 -1 0 3 3 1945
9 1 2 101 0 0 2 2 1945
9 1 2 110 -2 0 5 5 1945
9 1 2 110 -1 0 1 1 1945
9 1 2 110 0 0 1 1 1945
9 1 2 111 -4 0 2 2 1945
9 1 2 111 -2 0 2 2 1945
9 1 2 111 -1 0 4 4 1945
9 1 2 111 0 0 9 9 1945
10 0 0 0 0 0 48 48 1945
10 0 0 1 -1 0 1 1 1945
10 0 0 1 0 0 12 12 1945
10 0 0 10 0 0 3 3 1945
10 0 0 100 0 0 1 1 1945
10 0 1 0 -1 0 1 1 1945
10 0 1 0 0 0 32 32 1945
10 0 1 1 -1 0 1 1 1945
10 0 1 1 0 0 11 11 1945
10 0 1 10 -1 0 1 1 1945
10 0 1 10 0 0 9 9 1945
10 0 1 11 -1 0 1 1 1945
10 0 1 11 0 0 3 3 1945
10 0 1 100 0 0 2 2 1945
10 0 1 101 0 0 2 2 1945
10 0 1 110 0 0 1 1 1945
10 0 2 0 -2 0 2 2 1945
10 0 2 0 -1 0 1 1 1945
10 0 2 0 0 0 26 26 1945
10 0 2 1 -1 0 3 3 1945
10 0 2 1 0 0 7 7 1945
10 0 2 10 -2 0 1 1 1945
10 0 2 10 -1 0 2 2 1945
10 0 2 10 0 0 5 5 1945
10 0 2 11 -3 0 1 1 1945
10 0 2 11 -2 0 1 1 1945
10 0 2 11 -1 0 1 1 1945
10 0 2 11 0 0 5 5 1945
10 0 2 100 0 0 4 4 1945
10 0 2 101 0 0 1 1 1945
10 0 2 110 -1 0 1 1 1945
10 0 2 111 -1 0 1 1 1945
10 1 0 0 -3 0 1 1 1945
10 1 0 0 -2 0 2 2 1945
10 1 0 0 -1 0 6 6 1945
10 1 0 0 0 0 39 39 1945
10 1 0 1 -2 0 1 1 1945
10 1 0 1 -1 0 1 1 1945
10 1 0 1 0 0 12 12 1945
10 1 0 10 0 0 3 3 1945
10 1 0 11 0 0 3 3 1945
10 1 0 100 -1 0 1 1 1945
10 1 0 101 0 0 1 1 1945
10 1 0 111 0 0 1 1 1945
10 1 1 0 -3 0 1 1 1945
10 1 1 0 -2 0 1 1 1945
10 1 1 0 -1 0 4 4 1945
10 1 1 0 0 0 27 27 1945
10 1 1 1 -2 0 1 1 1945
10 1 1 1 -1 0 1 1 1945
10 1 1 1 0 0 9 9 1945
10 1 1 10 0 0 8 8 1945
10 1 1 11 -2 0 1 1 1945
10 1 1 11 0 0 4 4 1945
10 1 1 101 0 0 2 2 1945
10 1 1 110 0 0 1 1 1945
10 1 1 111 0 0 1 1 1945
10 1 2 0 -3 0 1 1 1945
10 1 2 0 -2 0 2 2 1945
10 1 2 0 -1 0 3 3 1945
10 1 2 0 0 0 22 22 1945
10 1 2 1 -1 0 2 2 1945
10 1 2 1 0 0 7 7 1945
10 1 2 10 -2 0 1 1 1945
10 1 2 10 0 0 5 5 1945
10 1 2 11 -2 0 1 1 1945
10 1 2 11 0 0 10 10 1945
10 1 2 100 0 0 1 1 1945
10 1 2 110 0 0 3 3 1945
10 1 2 111 0 0 5 5 1945
11 0 0 0 0 0 33 33 1945
11 0 0 1 0 0 10 10 1945
11 0 0 11 0 0 1 1 1945
11 0 1 0 0 0 23 23 1945
11 0 1 1 0 0 10 10 1945
11 0 1 10 0 0 4 4 1945
11 0 1 11 0 0 3 3 1945
11 0 1 100 -1 0 1 1 1945
11 0 1 101 0 0 2 2 1945
11 0 1 110 0 0 3 3 1945
11 0 1 111 -2 0 1 1 1945
11 0 1 111 -1 0 1 1 1945
11 0 1 111 0 0 1 1 1945
11 0 2 0 0 0 18 18 1945
11 0 2 1 -2 0 1 1 1945
11 0 2 1 -1 0 1 1 1945
11 0 2 1 0 0 10 10 1945
11 0 2 10 -1 0 2 2 1945
11 0 2 10 0 0 4 4 1945
11 0 2 11 -1 0 1 1 1945
11 0 2 11 0 0 6 6 1945
11 0 2 100 -1 0 1 1 1945
11 0 2 100 0 0 1 1 1945
11 0 2 101 -2 0 1 1 1945
11 0 2 101 0 0 2 2 1945
11 0 2 110 0 0 1 1 1945
11 0 2 111 -2 0 1 1 1945
11 0 2 111 0 0 2 2 1945
11 1 0 0 -2 0 2 2 1945
11 1 0 0 -1 0 3 3 1945
11 1 0 0 0 0 28 28 1945
11 1 0 1 0 0 7 7 1945
11 1 0 11 0 0 2 2 1945
11 1 1 0 -2 0 2 2 1945
11 1 1 0 -1 0 3 3 1945
11 1 1 0 0 0 21 21 1945
11 1 1 1 0 0 7 7 1945
11 1 1 10 0 0 3 3 1945
11 1 1 11 0 0 4 4 1945
11 1 1 100 0 0 1 1 1945
11 1 1 110 0 0 1 1 1945
11 1 1 111 0 0 1 1 1945
11 1 2 0 -2 0 2 2 1945
11 1 2 0 -1 0 3 3 1945
11 1 2 0 0 0 15 15 1945
11 1 2 1 -2 0 1 1 1945
11 1 2 1 -1 0 3 3 1945
11 1 2 1 0 0 6 6 1945
11 1 2 10 0 0 5 5 1945
11 1 2 11 -1 0 1 1 1945
11 1 2 11 0 0 4 4 1945
11 1 2 110 -2 0 1 1 1945
11 1 2 110 0 0 1 1 1945
11 1 2 111 0 0 3 3 1945
12 0 0 0 -1 0 1 1 1945
12 0 0 0 0 0 25 25 1945
12 0 0 1 0 0 6 6 1945
12 0 0 10 0 0 1 1 1945
12 0 0 11 0 0 1 1 1945
12 0 1 0 -1 0 1 1 1945
12 0 1 0 0 0 18 18 1945
12 0 1 1 0 0 9 9 1945
12 0 1 10 0 0 4 4 1945
12 0 1 11 0 0 3 3 1945
12 0 1 101 0 0 1 1 1945
12 0 2 0 -1 0 1 1 1945
12 0 2 0 0 0 11 11 1945
12 0 2 1 -1 0 1 1 1945
12 0 2 1 0 0 8 8 1945
12 0 2 10 0 0 4 4 1945
12 0 2 11 0 0 6 6 1945
12 0 2 100 0 0 1 1 1945
12 0 2 101 0 0 1 1 1945
12 0 2 110 -1 0 1 1 1945
12 0 2 111 0 0 2 2 1945
12 1 0 0 -1 0 2 2 1945
12 1 0 0 0 0 23 23 1945
12 1 0 1 0 0 5 5 1945
12 1 0 10 0 0 3 3 1945
12 1 0 11 0 0 4 4 1945
12 1 1 0 -1 0 2 2 1945
12 1 1 0 0 0 17 17 1945
12 1 1 1 0 0 4 4 1945
12 1 1 10 0 0 4 4 1945
12 1 1 11 0 0 6 6 1945
12 1 1 100 0 0 1 1 1945
12 1 1 101 0 0 3 3 1945
12 1 1 110 0 0 1 1 1945
12 1 1 111 0 0 2 2 1945
12 1 2 0 -1 0 2 2 1945
12 1 2 0 0 0 13 13 1945
12 1 2 1 0 0 1 1 1945
12 1 2 10 -1 0 1 1 1945
12 1 2 10 0 0 1 1 1945
12 1 2 11 0 0 4 4 1945
12 1 2 111 0 0 1 1 1945
13 0 0 0 0 0 18 18 1945
13 0 0 1 0 0 4 4 1945
13 0 0 10 0 0 1 1 1945
13 0 0 11 0 0 2 2 1945
13 0 0 111 -1 0 1 1 1945
13 0 0 111 0 0 1 1 1945
13 0 1 0 0 0 13 13 1945
13 0 1 1 0 0 4 4 1945
13 0 1 10 0 0 1 1 1945
13 0 1 11 0 0 1 1 1945
13 0 1 100 -3 0 1 1 1945
13 0 1 110 0 0 1 1 1945
13 0 1 111 0 0 1 1 1945
13 0 2 0 -5 0 1 1 1945
13 0 2 0 -4 0 1 1 1945
13 0 2 0 0 0 11 11 1945
13 0 2 1 -5 0 1 1 1945
13 0 2 1 0 0 5 5 1945
13 0 2 10 0 0 2 2 1945
13 0 2 11 0 0 2 2 1945
13 0 2 100 -2 0 1 1 1945
13 0 2 101 0 0 1 1 1945
13 0 2 111 0 0 1 1 1945
13 1 0 0 -5 0 1 1 1945
13 1 0 0 -2 0 1 1 1945
13 1 0 0 0 0 16 16 1945
13 1 0 1 -2 0 1 1 1945
13 1 0 1 0 0 5 5 1945
13 1 0 10 0 0 1 1 1945
13 1 1 0 -5 0 1 1 1945
13 1 1 0 0 0 10 10 1945
13 1 1 1 -5 0 1 1 1945
13 1 1 1 0 0 3 3 1945
13 1 1 10 0 0 5 5 1945
13 1 1 11 0 0 3 3 1945
13 1 2 0 -2 0 1 1 1945
13 1 2 0 0 0 9 9 1945
13 1 2 1 -2 0 1 1 1945
13 1 2 1 0 0 2 2 1945
13 1 2 10 0 0 2 2 1945
13 1 2 11 -2 0 1 1 1945
13 1 2 11 0 0 3 3 1945
13 1 2 100 0 0 1 1 1945
13 1 2 101 0 0 1 1 1945
13 1 2 111 -2 0 1 1 1945
13 1 2 111 0 0 1 1 1945
14 0 0 0 0 0 8 8 1945
14 0 0 1 0 0 1 1 1945
14 0 0 10 0 0 1 1 1945
14 0 1 0 -3 0 1 1 1945
14 0 1 0 0 0 6 6 1945
14 0 1 1 0 0 1 1 1945
14 0 1 10 -1 0 1 1 1945
14 0 1 10 0 0 1 1 1945
14 0 1 100 0 0 1 1 1945
14 0 1 101 0 0 1 1 1945
14 0 2 0 -3 0 1 1 1945
14 0 2 0 0 0 6 6 1945
14 0 2 1 -3 0 1 1 1945
14 0 2 1 -2 0 1 1 1945
14 0 2 1 0 0 4 4 1945
14 0 2 11 -1 0 1 1 1945
14 0 2 11 0 0 1 1 1945
14 0 2 101 0 0 1 1 1945
14 0 2 110 0 0 1 1 1945
14 1 0 0 -3 0 1 1 1945
14 1 0 0 -2 0 1 1 1945
14 1 0 0 -1 0 1 1 1945
14 1 0 0 0 0 5 5 1945
14 1 0 1 -2 0 1 1 1945
14 1 0 1 0 0 1 1 1945
14 1 0 10 0 0 1 1 1945
14 1 0 11 -2 0 1 1 1945
14 1 1 0 -3 0 1 1 1945
14 1 1 0 -1 0 1 1 1945
14 1 1 0 0 0 4 4 1945
14 1 1 1 -3 0 1 1 1945
14 1 1 10 0 0 1 1 1945
14 1 2 0 -1 0 1 1 1945
14 1 2 0 0 0 3 3 1945
14 1 2 1 -3 0 1 1 1945
14 1 2 1 -2 0 1 1 1945
14 1 2 10 0 0 2 2 1945
14 1 2 11 -2 0 1 1 1945
14 1 2 11 -1 0 1 1 1945
14 1 2 11 0 0 2 2 1945
15 0 0 0 0 0 3 3 1945
15 0 1 0 0 0 3 3 1945
15 0 1 1 0 0 1 1 1945
15 0 1 11 0 0 1 1 1945
15 0 2 0 0 0 2 2 1945
15 0 2 1 0 0 1 1 1945
15 0 2 10 -1 0 1 1 1945
15 0 2 11 -1 0 1 1 1945
15 0 2 11 0 0 1 1 1945
15 1 0 0 -1 0 1 1 1945
15 1 0 0 0 0 2 2 1945
15 1 1 0 -1 0 1 1 1945
15 1 1 0 0 0 2 2 1945
15 1 1 1 0 0 1 1 1945
15 1 2 0 -1 0 1 1 1945
15 1 2 0 0 0 1 1 1945
16 0 0 0 0 0 2 2 1945
16 0 1 0 0 0 2 2 1945
16 0 2 0 0 0 2 2 1945
16 0 2 1 0 0 1 1 1945
16 1 0 0 0 0 2 2 1945
16 1 0 1 0 0 2 2 1945
16 1 1 1 0 0 1 1 1945
17 0 0 0 0 0 1 1 1945
17 0 1 0 0 0 1 1 1945
17 0 2 0 0 0 1 1 1945
17 1 0 0 0 0 1 1 1945
17 1 1 0 0 0 1 1 1945
17 1 2 0 0 0 1 1 1945
18 0 0 0 0 0 1 1 1945
18 0 1 0 0 0 1 1 1945
18 0 2 0 0 0 1 1 1945
18 1 0 0 0 0 1 1 1945
18 1 1 0 0 0 1 1 1945
18 1 2 0 0 0 1 1 1945
19 0 0 0 0 0 1 1 1945
19 0 1 0 0 0 1 1 1945
19 0 2 0 0 0 1 1 1945
19 0 2 1 0 0 1 1 1945
19 1 0 0 0 0 1 1 1945
19 1 1 0 0 0 1 1 1945
19 1 1 1 0 0 1 1 1945
19 1 2 10 0 0 1 1 1945
19 1 2 11 0 0 1 1 1945
20 0 0 0 0 0 1 1 1945
20 0 1 0 0 0 1 1 1945
20 0 1 1 0 0 1 1 1945
20 0 2 0 0 0 1 1 1945
20 1 0 0 0 0 1 1 1945
20 1 1 0 0 0 1 1 1945
20 1 1 1 0 0 1 1 1945
20 1 2 1 0 0 1 1 1945
20 1 2 11 0 0 1 1 1945
21 0 0 0 0 0 1 1 1945
21 0 1 0 0 0 1 1 1945
21 0 2 0 0 0 1 1 1945
21 1 0 0 0 0 1 1 1945
21 1 1 0 0 0 1 1 1945
21 1 2 0 0 0 1 1 1945
21 1 2 1 0 0 1 1 1945
22 0 0 0 0 0 1 1 1945
22 0 1 0 0 0 1 1 1945
22 0 1 10 0 0 1 1 1945
22 0 1 11 0 0 1 1 1945
22 0 2 11 0 0 1 1 1945
22 0 2 111 0 0 1 1 1945
22 1 0 0 0 0 1 1 1945
22 1 0 1 0 0 1 1 1945
22 1 1 1 0 0 1 1 1945
22 1 2 1 0 0 1 1 1945
22 1 2 11 0 0 1 1 1945
23 0 0 0 0 0 1 1 1945
23 0 1 0 0 0 1 1 1945
23 0 2 0 0 0 1 1 1945
23 0 2 1 0 0 1 1 1945
23 1 0 0 0 0 1 1 1945
23 1 1 0 0 0 1 1 1945
23 1 2 0 0 0 1 1 1945
24 0 0 0 0 0 1 1 1945
24 0 0 1 0 0 1 1 1945
24 0 1 1 0 0 1 1 1945
24 0 1 11 0 0 1 1 1945
24 0 1 111 0 0 1 1 1945
24 1 0 0 0 0 1 1 1945
24 1 1 0 0 0 1 1 1945
24 1 2 0 0 0 1 1 1945
24 1 2 1 0 0 1 1 1945
